5.000000000000000000e+00
4.000000000000000000e+00
5.000000000000000000e+00
5.000000000000000000e+00
5.000000000000000000e+00
5.000000000000000000e+00
5.000000000000000000e+00
5.000000000000000000e+00
5.000000000000000000e+00
5.000000000000000000e+00
5.000000000000000000e+00
5.000000000000000000e+00
5.000000000000000000e+00
7.000000000000000000e+00
8.000000000000000000e+00
7.000000000000000000e+00
1.600000000000000000e+01
1.000000000000000000e+01
1.000000000000000000e+01
1.000000000000000000e+01
1.100000000000000000e+01
1.100000000000000000e+01
1.600000000000000000e+01
1.600000000000000000e+01
7.000000000000000000e+00
1.500000000000000000e+01
7.000000000000000000e+00
1.700000000000000000e+01
7.000000000000000000e+00
5.000000000000000000e+00
1.800000000000000000e+01
1.800000000000000000e+01
1.900000000000000000e+01
1.800000000000000000e+01
1.800000000000000000e+01
1.900000000000000000e+01
1.900000000000000000e+01
1.900000000000000000e+01
2.500000000000000000e+01
2.500000000000000000e+01
2.600000000000000000e+01
2.600000000000000000e+01
2.600000000000000000e+01
2.800000000000000000e+01
2.800000000000000000e+01
3.200000000000000000e+01
3.200000000000000000e+01
3.200000000000000000e+01
3.200000000000000000e+01
3.200000000000000000e+01
3.300000000000000000e+01
3.400000000000000000e+01
3.400000000000000000e+01
4.100000000000000000e+01
4.100000000000000000e+01
4.100000000000000000e+01
4.100000000000000000e+01
4.100000000000000000e+01
4.100000000000000000e+01
4.000000000000000000e+01
4.000000000000000000e+01
4.000000000000000000e+01
4.000000000000000000e+01
4.100000000000000000e+01
4.100000000000000000e+01
4.100000000000000000e+01
4.100000000000000000e+01
4.100000000000000000e+01
4.100000000000000000e+01
4.100000000000000000e+01
4.900000000000000000e+01
4.100000000000000000e+01
4.900000000000000000e+01
4.100000000000000000e+01
4.900000000000000000e+01
4.100000000000000000e+01
5.000000000000000000e+01
5.000000000000000000e+01
3.700000000000000000e+01
3.700000000000000000e+01
3.700000000000000000e+01
3.700000000000000000e+01
6.000000000000000000e+01
6.000000000000000000e+01
3.900000000000000000e+01
4.100000000000000000e+01
4.100000000000000000e+01
4.200000000000000000e+01
4.100000000000000000e+01
6.300000000000000000e+01
6.900000000000000000e+01
6.700000000000000000e+01
6.700000000000000000e+01
6.900000000000000000e+01
6.900000000000000000e+01
6.900000000000000000e+01
7.600000000000000000e+01
7.900000000000000000e+01
7.900000000000000000e+01
7.900000000000000000e+01
8.200000000000000000e+01
8.200000000000000000e+01
8.200000000000000000e+01
8.600000000000000000e+01
8.600000000000000000e+01
8.600000000000000000e+01
8.600000000000000000e+01
8.600000000000000000e+01
4.700000000000000000e+01
8.800000000000000000e+01
9.000000000000000000e+01
9.000000000000000000e+01
9.200000000000000000e+01
9.200000000000000000e+01
8.800000000000000000e+01
8.800000000000000000e+01
8.800000000000000000e+01
8.800000000000000000e+01
8.800000000000000000e+01
8.800000000000000000e+01
8.800000000000000000e+01
8.800000000000000000e+01
1.120000000000000000e+02
1.130000000000000000e+02
1.140000000000000000e+02
8.800000000000000000e+01
8.800000000000000000e+01
1.200000000000000000e+02
9.200000000000000000e+01
1.140000000000000000e+02
9.200000000000000000e+01
1.200000000000000000e+02
1.200000000000000000e+02
1.200000000000000000e+02
9.200000000000000000e+01
9.000000000000000000e+01
9.000000000000000000e+01
1.390000000000000000e+02
8.800000000000000000e+01
8.800000000000000000e+01
1.350000000000000000e+02
1.390000000000000000e+02
8.700000000000000000e+01
8.800000000000000000e+01
1.390000000000000000e+02
1.390000000000000000e+02
1.390000000000000000e+02
1.390000000000000000e+02
1.390000000000000000e+02
1.420000000000000000e+02
1.420000000000000000e+02
1.420000000000000000e+02
1.420000000000000000e+02
1.420000000000000000e+02
1.440000000000000000e+02
1.440000000000000000e+02
1.510000000000000000e+02
1.500000000000000000e+02
1.510000000000000000e+02
1.450000000000000000e+02
1.490000000000000000e+02
1.510000000000000000e+02
1.510000000000000000e+02
1.510000000000000000e+02
1.510000000000000000e+02
1.510000000000000000e+02
1.510000000000000000e+02
1.510000000000000000e+02
1.510000000000000000e+02
1.510000000000000000e+02
1.510000000000000000e+02
1.510000000000000000e+02
1.510000000000000000e+02
1.510000000000000000e+02
1.510000000000000000e+02
1.730000000000000000e+02
1.560000000000000000e+02
1.560000000000000000e+02
1.580000000000000000e+02
1.580000000000000000e+02
1.630000000000000000e+02
1.580000000000000000e+02
1.580000000000000000e+02
1.610000000000000000e+02
1.610000000000000000e+02
1.610000000000000000e+02
1.610000000000000000e+02
1.610000000000000000e+02
1.630000000000000000e+02
1.630000000000000000e+02
1.630000000000000000e+02
1.630000000000000000e+02
1.730000000000000000e+02
1.660000000000000000e+02
1.660000000000000000e+02
1.670000000000000000e+02
1.670000000000000000e+02
1.730000000000000000e+02
1.690000000000000000e+02
1.690000000000000000e+02
1.730000000000000000e+02
1.690000000000000000e+02
1.690000000000000000e+02
1.730000000000000000e+02
1.730000000000000000e+02
1.730000000000000000e+02
1.730000000000000000e+02
1.730000000000000000e+02
1.740000000000000000e+02
1.740000000000000000e+02
1.780000000000000000e+02
1.780000000000000000e+02
1.780000000000000000e+02
1.780000000000000000e+02
1.780000000000000000e+02
1.780000000000000000e+02
1.780000000000000000e+02
1.780000000000000000e+02
1.780000000000000000e+02
1.780000000000000000e+02
1.780000000000000000e+02
1.780000000000000000e+02
1.780000000000000000e+02
1.780000000000000000e+02
1.780000000000000000e+02
1.890000000000000000e+02
1.780000000000000000e+02
1.780000000000000000e+02
1.740000000000000000e+02
1.740000000000000000e+02
1.520000000000000000e+02
1.740000000000000000e+02
1.730000000000000000e+02
1.740000000000000000e+02
1.780000000000000000e+02
1.780000000000000000e+02
1.740000000000000000e+02
1.780000000000000000e+02
1.780000000000000000e+02
1.780000000000000000e+02
1.780000000000000000e+02
1.780000000000000000e+02
1.780000000000000000e+02
1.780000000000000000e+02
1.780000000000000000e+02
1.780000000000000000e+02
1.780000000000000000e+02
1.780000000000000000e+02
2.070000000000000000e+02
2.070000000000000000e+02
2.070000000000000000e+02
2.070000000000000000e+02
1.780000000000000000e+02
1.780000000000000000e+02
1.780000000000000000e+02
1.770000000000000000e+02
1.780000000000000000e+02
1.780000000000000000e+02
1.780000000000000000e+02
1.780000000000000000e+02
1.780000000000000000e+02
1.780000000000000000e+02
1.780000000000000000e+02
1.780000000000000000e+02
1.780000000000000000e+02
1.780000000000000000e+02
1.780000000000000000e+02
1.780000000000000000e+02
1.780000000000000000e+02
1.780000000000000000e+02
2.180000000000000000e+02
1.780000000000000000e+02
1.780000000000000000e+02
1.780000000000000000e+02
1.780000000000000000e+02
2.230000000000000000e+02
2.230000000000000000e+02
2.230000000000000000e+02
2.240000000000000000e+02
2.300000000000000000e+02
2.300000000000000000e+02
2.300000000000000000e+02
2.240000000000000000e+02
2.240000000000000000e+02
2.300000000000000000e+02
2.300000000000000000e+02
2.300000000000000000e+02
2.300000000000000000e+02
2.300000000000000000e+02
2.300000000000000000e+02
2.300000000000000000e+02
2.300000000000000000e+02
1.510000000000000000e+02
2.420000000000000000e+02
1.510000000000000000e+02
2.480000000000000000e+02
1.510000000000000000e+02
2.480000000000000000e+02
2.480000000000000000e+02
2.480000000000000000e+02
2.510000000000000000e+02
2.390000000000000000e+02
2.480000000000000000e+02
2.480000000000000000e+02
2.480000000000000000e+02
1.510000000000000000e+02
2.480000000000000000e+02
2.390000000000000000e+02
2.480000000000000000e+02
2.300000000000000000e+02
1.510000000000000000e+02
2.300000000000000000e+02
2.300000000000000000e+02
2.480000000000000000e+02
2.510000000000000000e+02
1.510000000000000000e+02
2.510000000000000000e+02
2.510000000000000000e+02
2.510000000000000000e+02
2.510000000000000000e+02
2.510000000000000000e+02
2.510000000000000000e+02
2.510000000000000000e+02
2.550000000000000000e+02
2.520000000000000000e+02
2.550000000000000000e+02
2.520000000000000000e+02
2.550000000000000000e+02
2.550000000000000000e+02
2.550000000000000000e+02
2.550000000000000000e+02
2.550000000000000000e+02
2.570000000000000000e+02
2.650000000000000000e+02
2.600000000000000000e+02
2.600000000000000000e+02
2.550000000000000000e+02
2.610000000000000000e+02
2.550000000000000000e+02
2.730000000000000000e+02
2.550000000000000000e+02
2.550000000000000000e+02
2.600000000000000000e+02
2.700000000000000000e+02
2.600000000000000000e+02
2.700000000000000000e+02
2.730000000000000000e+02
2.700000000000000000e+02
2.700000000000000000e+02
2.720000000000000000e+02
2.720000000000000000e+02
2.700000000000000000e+02
2.730000000000000000e+02
2.740000000000000000e+02
2.550000000000000000e+02
2.760000000000000000e+02
2.760000000000000000e+02
2.760000000000000000e+02
2.760000000000000000e+02
2.850000000000000000e+02
2.800000000000000000e+02
2.860000000000000000e+02
2.860000000000000000e+02
2.800000000000000000e+02
2.860000000000000000e+02
2.860000000000000000e+02
2.860000000000000000e+02
2.850000000000000000e+02
2.850000000000000000e+02
2.860000000000000000e+02
2.860000000000000000e+02
2.870000000000000000e+02
2.870000000000000000e+02
2.880000000000000000e+02
2.890000000000000000e+02
2.890000000000000000e+02
2.890000000000000000e+02
2.920000000000000000e+02
2.920000000000000000e+02
2.970000000000000000e+02
3.060000000000000000e+02
2.920000000000000000e+02
3.060000000000000000e+02
3.030000000000000000e+02
3.030000000000000000e+02
3.030000000000000000e+02
3.060000000000000000e+02
3.060000000000000000e+02
3.080000000000000000e+02
3.060000000000000000e+02
3.060000000000000000e+02
3.060000000000000000e+02
3.060000000000000000e+02
3.060000000000000000e+02
3.030000000000000000e+02
3.140000000000000000e+02
3.190000000000000000e+02
3.280000000000000000e+02
3.230000000000000000e+02
3.280000000000000000e+02
3.250000000000000000e+02
3.250000000000000000e+02
3.250000000000000000e+02
3.310000000000000000e+02
3.190000000000000000e+02
3.330000000000000000e+02
3.330000000000000000e+02
3.400000000000000000e+02
3.400000000000000000e+02
3.400000000000000000e+02
2.980000000000000000e+02
3.480000000000000000e+02
3.480000000000000000e+02
3.480000000000000000e+02
3.500000000000000000e+02
3.500000000000000000e+02
3.500000000000000000e+02
3.570000000000000000e+02
3.640000000000000000e+02
3.640000000000000000e+02
3.640000000000000000e+02
3.640000000000000000e+02
3.640000000000000000e+02
3.680000000000000000e+02
3.610000000000000000e+02
3.680000000000000000e+02
3.680000000000000000e+02
3.680000000000000000e+02
3.680000000000000000e+02
3.710000000000000000e+02
3.710000000000000000e+02
3.730000000000000000e+02
4.240000000000000000e+02
4.390000000000000000e+02
5.180000000000000000e+02
4.240000000000000000e+02
3.810000000000000000e+02
4.240000000000000000e+02
4.240000000000000000e+02
4.240000000000000000e+02
4.240000000000000000e+02
3.870000000000000000e+02
3.950000000000000000e+02
3.890000000000000000e+02
4.240000000000000000e+02
4.240000000000000000e+02
3.920000000000000000e+02
3.960000000000000000e+02
3.950000000000000000e+02
3.960000000000000000e+02
4.040000000000000000e+02
4.040000000000000000e+02
4.040000000000000000e+02
4.000000000000000000e+02
4.040000000000000000e+02
4.030000000000000000e+02
4.040000000000000000e+02
4.040000000000000000e+02
4.040000000000000000e+02
4.040000000000000000e+02
4.240000000000000000e+02
4.240000000000000000e+02
4.240000000000000000e+02
4.040000000000000000e+02
4.240000000000000000e+02
4.240000000000000000e+02
4.240000000000000000e+02
4.240000000000000000e+02
4.240000000000000000e+02
4.290000000000000000e+02
4.240000000000000000e+02
4.240000000000000000e+02
4.240000000000000000e+02
4.240000000000000000e+02
4.240000000000000000e+02
4.240000000000000000e+02
4.240000000000000000e+02
4.240000000000000000e+02
4.240000000000000000e+02
4.280000000000000000e+02
4.260000000000000000e+02
4.250000000000000000e+02
4.290000000000000000e+02
4.360000000000000000e+02
4.360000000000000000e+02
4.260000000000000000e+02
4.240000000000000000e+02
4.260000000000000000e+02
4.260000000000000000e+02
5.180000000000000000e+02
5.180000000000000000e+02
4.240000000000000000e+02
4.240000000000000000e+02
4.860000000000000000e+02
4.240000000000000000e+02
4.650000000000000000e+02
4.240000000000000000e+02
4.240000000000000000e+02
4.650000000000000000e+02
4.240000000000000000e+02
4.040000000000000000e+02
4.030000000000000000e+02
4.650000000000000000e+02
4.650000000000000000e+02
4.240000000000000000e+02
4.650000000000000000e+02
4.860000000000000000e+02
4.240000000000000000e+02
4.650000000000000000e+02
4.230000000000000000e+02
4.240000000000000000e+02
4.740000000000000000e+02
5.170000000000000000e+02
4.670000000000000000e+02
4.240000000000000000e+02
4.730000000000000000e+02
5.170000000000000000e+02
4.240000000000000000e+02
4.240000000000000000e+02
5.170000000000000000e+02
4.240000000000000000e+02
4.240000000000000000e+02
4.240000000000000000e+02
5.170000000000000000e+02
4.240000000000000000e+02
4.240000000000000000e+02
4.280000000000000000e+02
4.240000000000000000e+02
4.240000000000000000e+02
4.240000000000000000e+02
4.240000000000000000e+02
4.280000000000000000e+02
4.240000000000000000e+02
5.180000000000000000e+02
4.240000000000000000e+02
5.180000000000000000e+02
5.180000000000000000e+02
5.180000000000000000e+02
5.180000000000000000e+02
5.180000000000000000e+02
5.170000000000000000e+02
5.180000000000000000e+02
4.250000000000000000e+02
