4.378212200000000109e+01 -7.946579800000000660e+01 1.627899999999999920e+02
4.378215999999999752e+01 -7.946576500000000465e+01 1.527199999999999989e+02
4.378215999999999752e+01 -7.946576199999999801e+01 1.526999999999999886e+02
4.378216199999999958e+01 -7.946575500000000147e+01 1.526599999999999966e+02
4.378216199999999958e+01 -7.946574699999999325e+01 1.526500000000000057e+02
4.378216199999999958e+01 -7.946573999999999671e+01 1.526299999999999955e+02
4.378216199999999958e+01 -7.946573499999999513e+01 1.526500000000000057e+02
4.378216199999999958e+01 -7.946572999999999354e+01 1.526500000000000057e+02
4.378216299999999706e+01 -7.946572000000000457e+01 1.526800000000000068e+02
4.378216499999999911e+01 -7.946571199999999635e+01 1.526599999999999966e+02
4.378216499999999911e+01 -7.946570800000000645e+01 1.526800000000000068e+02
4.378216700000000117e+01 -7.946569999999999823e+01 1.526699999999999875e+02
4.378216799999999864e+01 -7.946568999999999505e+01 1.525999999999999943e+02
4.378217000000000070e+01 -7.946568200000000104e+01 1.526200000000000045e+02
4.378217200000000275e+01 -7.946567199999999787e+01 1.526500000000000057e+02
4.378217300000000023e+01 -7.946566199999999469e+01 1.526999999999999886e+02
4.378217500000000229e+01 -7.946564999999999657e+01 1.527299999999999898e+02
4.378217699999999724e+01 -7.946564300000000003e+01 1.526999999999999886e+02
4.378217699999999724e+01 -7.946563500000000602e+01 1.526999999999999886e+02
4.378217800000000182e+01 -7.946562799999999527e+01 1.526800000000000068e+02
4.378217999999999677e+01 -7.946562199999999621e+01 1.526599999999999966e+02
4.378218199999999882e+01 -7.946561199999999303e+01 1.527199999999999989e+02
4.378218199999999882e+01 -7.946560800000000313e+01 1.527400000000000091e+02
4.378218199999999882e+01 -7.946560200000000407e+01 1.527400000000000091e+02
4.378218300000000340e+01 -7.946559700000000248e+01 1.527599999999999909e+02
4.378218300000000340e+01 -7.946559499999999332e+01 1.527700000000000102e+02
4.378218300000000340e+01 -7.946559200000000089e+01 1.527700000000000102e+02
4.378218499999999835e+01 -7.946558699999999931e+01 1.527700000000000102e+02
4.378218499999999835e+01 -7.946558000000000277e+01 1.527599999999999909e+02
4.378218700000000041e+01 -7.946557799999999361e+01 1.527700000000000102e+02
4.378218700000000041e+01 -7.946557699999999613e+01 1.527700000000000102e+02
4.378218700000000041e+01 -7.946557199999999455e+01 1.528199999999999932e+02
4.378218799999999788e+01 -7.946556499999999801e+01 1.528199999999999932e+02
4.378218999999999994e+01 -7.946555800000000147e+01 1.528300000000000125e+02
4.378219200000000200e+01 -7.946555200000000241e+01 1.528199999999999932e+02
4.378219200000000200e+01 -7.946554299999999671e+01 1.528199999999999932e+02
4.378219299999999947e+01 -7.946553799999999512e+01 1.528300000000000125e+02
4.378219299999999947e+01 -7.946553000000000111e+01 1.528700000000000045e+02
4.378219500000000153e+01 -7.946551999999999794e+01 1.529000000000000057e+02
4.378219699999999648e+01 -7.946551499999999635e+01 1.529300000000000068e+02
4.378219699999999648e+01 -7.946551200000000392e+01 1.529199999999999875e+02
4.378219800000000106e+01 -7.946550799999999981e+01 1.529199999999999875e+02
4.378219800000000106e+01 -7.946550200000000075e+01 1.529099999999999966e+02
4.378220000000000312e+01 -7.946549199999999757e+01 1.529000000000000057e+02
4.378220199999999807e+01 -7.946548300000000609e+01 1.528899999999999864e+02
4.378220300000000265e+01 -7.946547499999999786e+01 1.528899999999999864e+02
4.378220499999999760e+01 -7.946546499999999469e+01 1.528899999999999864e+02
4.378220699999999965e+01 -7.946545500000000573e+01 1.529600000000000080e+02
4.378220799999999713e+01 -7.946544500000000255e+01 1.529799999999999898e+02
4.378220999999999918e+01 -7.946543699999999433e+01 1.529799999999999898e+02
4.378221200000000124e+01 -7.946542800000000284e+01 1.529699999999999989e+02
4.378221299999999871e+01 -7.946541999999999462e+01 1.529499999999999886e+02
4.378221299999999871e+01 -7.946541499999999303e+01 1.532700000000000102e+02
4.378221700000000283e+01 -7.946540799999999649e+01 1.528899999999999864e+02
4.378221700000000283e+01 -7.946540199999999743e+01 1.528799999999999955e+02
4.378221700000000283e+01 -7.946540000000000248e+01 1.528700000000000045e+02
4.378221800000000030e+01 -7.946539699999999584e+01 1.529000000000000057e+02
4.378221800000000030e+01 -7.946539300000000594e+01 1.528899999999999864e+02
4.378221800000000030e+01 -7.946538999999999930e+01 1.528899999999999864e+02
4.378222000000000236e+01 -7.946538700000000688e+01 1.528799999999999955e+02
4.378222000000000236e+01 -7.946538300000000277e+01 1.529199999999999875e+02
4.378222000000000236e+01 -7.946538200000000529e+01 1.528899999999999864e+02
4.378222199999999731e+01 -7.946537800000000118e+01 1.529300000000000068e+02
4.378222199999999731e+01 -7.946537299999999959e+01 1.529099999999999966e+02
4.378222199999999731e+01 -7.946537200000000212e+01 1.529399999999999977e+02
4.378222300000000189e+01 -7.946536500000000558e+01 1.529300000000000068e+02
4.378222300000000189e+01 -7.946536000000000399e+01 1.529300000000000068e+02
4.378222499999999684e+01 -7.946535699999999736e+01 1.529199999999999875e+02
4.378222499999999684e+01 -7.946535199999999577e+01 1.529600000000000080e+02
4.378222699999999890e+01 -7.946535000000000082e+01 1.529099999999999966e+02
4.378222699999999890e+01 -7.946534499999999923e+01 1.528600000000000136e+02
4.378222699999999890e+01 -7.946534300000000428e+01 1.528600000000000136e+02
4.378222800000000348e+01 -7.946533800000000269e+01 1.529000000000000057e+02
4.378222800000000348e+01 -7.946533300000000111e+01 1.529199999999999875e+02
4.378222800000000348e+01 -7.946532999999999447e+01 1.529099999999999966e+02
4.378222999999999843e+01 -7.946532299999999793e+01 1.528899999999999864e+02
4.378222999999999843e+01 -7.946532200000000046e+01 1.528899999999999864e+02
4.378222999999999843e+01 -7.946531699999999887e+01 1.528600000000000136e+02
4.378223200000000048e+01 -7.946531500000000392e+01 1.528899999999999864e+02
4.378223200000000048e+01 -7.946531199999999728e+01 1.528899999999999864e+02
4.378223299999999796e+01 -7.946530699999999570e+01 1.529300000000000068e+02
4.378223299999999796e+01 -7.946530500000000075e+01 1.529199999999999875e+02
4.378223299999999796e+01 -7.946530199999999411e+01 1.529199999999999875e+02
4.378223500000000001e+01 -7.946529800000000421e+01 1.529099999999999966e+02
4.378223500000000001e+01 -7.946529499999999757e+01 1.529300000000000068e+02
4.378223500000000001e+01 -7.946528999999999598e+01 1.529699999999999989e+02
4.378223700000000207e+01 -7.946528800000000103e+01 1.529799999999999898e+02
4.378223700000000207e+01 -7.946528200000000197e+01 1.529799999999999898e+02
4.378223700000000207e+01 -7.946527500000000543e+01 1.532100000000000080e+02
4.378224000000000160e+01 -7.946527199999999880e+01 1.526100000000000136e+02
4.378223799999999954e+01 -7.946526799999999469e+01 1.529600000000000080e+02
4.378224199999999655e+01 -7.946526299999999310e+01 1.523899999999999864e+02
4.378224199999999655e+01 -7.946525699999999404e+01 1.528499999999999943e+02
4.378223799999999954e+01 -7.946524999999999750e+01 1.555900000000000034e+02
4.378224000000000160e+01 -7.946524300000000096e+01 1.555900000000000034e+02
4.378224199999999655e+01 -7.946523700000000190e+01 1.555999999999999943e+02
4.378224199999999655e+01 -7.946523000000000536e+01 1.555900000000000034e+02
4.378224500000000319e+01 -7.946521799999999303e+01 1.555699999999999932e+02
4.378224699999999814e+01 -7.946520999999999901e+01 1.555999999999999943e+02
4.378224699999999814e+01 -7.946520200000000500e+01 1.556399999999999864e+02
4.378224999999999767e+01 -7.946519299999999930e+01 1.556299999999999955e+02
4.378224999999999767e+01 -7.946518700000000024e+01 1.555699999999999932e+02
4.378225199999999973e+01 -7.946518000000000370e+01 1.555000000000000000e+02
4.378225499999999926e+01 -7.946517199999999548e+01 1.554900000000000091e+02
4.378225499999999926e+01 -7.946516800000000558e+01 1.554900000000000091e+02
4.378225700000000131e+01 -7.946516200000000651e+01 1.555600000000000023e+02
4.378225700000000131e+01 -7.946515700000000493e+01 1.556100000000000136e+02
4.378225700000000131e+01 -7.946515200000000334e+01 1.555999999999999943e+02
4.378225799999999879e+01 -7.946514999999999418e+01 1.555699999999999932e+02
4.378225799999999879e+01 -7.946514500000000680e+01 1.556200000000000045e+02
4.378226000000000084e+01 -7.946514000000000522e+01 1.556699999999999875e+02
4.378226000000000084e+01 -7.946513699999999858e+01 1.555900000000000034e+02
4.378226000000000084e+01 -7.946513500000000363e+01 1.555600000000000023e+02
4.378226000000000084e+01 -7.946513199999999699e+01 1.555500000000000114e+02
4.378226200000000290e+01 -7.946512800000000709e+01 1.555399999999999920e+02
4.378226200000000290e+01 -7.946512300000000550e+01 1.554799999999999898e+02
4.378226200000000290e+01 -7.946511999999999887e+01 1.554399999999999977e+02
4.378226200000000290e+01 -7.946511700000000644e+01 1.554300000000000068e+02
4.378226500000000243e+01 -7.946511499999999728e+01 1.523199999999999932e+02
4.378226200000000290e+01 -7.946511200000000485e+01 1.552899999999999920e+02
4.378226699999999738e+01 -7.946510800000000074e+01 1.523000000000000114e+02
4.378226699999999738e+01 -7.946510499999999411e+01 1.522899999999999920e+02
4.378226000000000084e+01 -7.946510299999999916e+01 1.549000000000000057e+02
4.378226699999999738e+01 -7.946509700000000009e+01 1.555999999999999943e+02
4.378225700000000131e+01 -7.946510200000000168e+01 1.544099999999999966e+02
4.378225799999999879e+01 -7.946509799999999757e+01 1.547400000000000091e+02
4.378226300000000037e+01 -7.946509000000000356e+01 1.551299999999999955e+02
4.378227199999999897e+01 -7.946507800000000543e+01 1.560399999999999920e+02
4.378226800000000196e+01 -7.946507699999999375e+01 1.556999999999999886e+02
4.378227199999999897e+01 -7.946507200000000637e+01 1.558799999999999955e+02
4.378226800000000196e+01 -7.946507200000000637e+01 1.555999999999999943e+02
4.378227300000000355e+01 -7.946506499999999562e+01 1.560600000000000023e+02
4.378227499999999850e+01 -7.946506200000000320e+01 1.562199999999999989e+02
4.378226699999999738e+01 -7.946506499999999562e+01 1.553499999999999943e+02
4.378226999999999691e+01 -7.946506300000000067e+01 1.520399999999999920e+02
4.378226999999999691e+01 -7.946505799999999908e+01 1.520099999999999909e+02
4.378226200000000290e+01 -7.946505799999999908e+01 1.545000000000000000e+02
4.378226699999999738e+01 -7.946505000000000507e+01 1.550200000000000102e+02
4.378226300000000037e+01 -7.946504699999999843e+01 1.547199999999999989e+02
4.378226999999999691e+01 -7.946503699999999526e+01 1.553700000000000045e+02
4.378226500000000243e+01 -7.946504000000000190e+01 1.548700000000000045e+02
4.378226800000000196e+01 -7.946503500000000031e+01 1.551800000000000068e+02
4.378226200000000290e+01 -7.946503699999999526e+01 1.545000000000000000e+02
4.378226300000000037e+01 -7.946503199999999367e+01 1.546500000000000057e+02
4.378226000000000084e+01 -7.946502999999999872e+01 1.544799999999999898e+02
4.378226300000000037e+01 -7.946502499999999714e+01 1.546999999999999886e+02
4.378226000000000084e+01 -7.946501800000000060e+01 1.543899999999999864e+02
4.378226200000000290e+01 -7.946501499999999396e+01 1.545000000000000000e+02
4.378226500000000243e+01 -7.946500699999999995e+01 1.548499999999999943e+02
4.378226699999999738e+01 -7.946500199999999836e+01 1.550999999999999943e+02
4.378226699999999738e+01 -7.946499799999999425e+01 1.549699999999999989e+02
4.378226500000000243e+01 -7.946499699999999677e+01 1.549600000000000080e+02
4.378226300000000037e+01 -7.946499199999999519e+01 1.548400000000000034e+02
4.378226699999999738e+01 -7.946498200000000622e+01 1.551100000000000136e+02
4.378226500000000243e+01 -7.946497999999999706e+01 1.550200000000000102e+02
4.378226500000000243e+01 -7.946497800000000211e+01 1.548799999999999955e+02
4.378226500000000243e+01 -7.946497499999999548e+01 1.549300000000000068e+02
4.378226300000000037e+01 -7.946496700000000146e+01 1.549300000000000068e+02
4.378226300000000037e+01 -7.946496500000000651e+01 1.549699999999999989e+02
4.378226300000000037e+01 -7.946496199999999988e+01 1.550399999999999920e+02
4.378226200000000290e+01 -7.946495799999999576e+01 1.549900000000000091e+02
4.378226200000000290e+01 -7.946495299999999418e+01 1.550000000000000000e+02
4.378226000000000084e+01 -7.946495000000000175e+01 1.549499999999999886e+02
4.378226000000000084e+01 -7.946494500000000016e+01 1.549900000000000091e+02
4.378225799999999879e+01 -7.946494199999999353e+01 1.548799999999999955e+02
4.378225799999999879e+01 -7.946493999999999858e+01 1.548600000000000136e+02
4.378225700000000131e+01 -7.946493800000000363e+01 1.548000000000000114e+02
4.378225499999999926e+01 -7.946493200000000456e+01 1.549699999999999989e+02
4.378225499999999926e+01 -7.946492700000000298e+01 1.550600000000000023e+02
4.378225499999999926e+01 -7.946492299999999886e+01 1.549399999999999977e+02
4.378225299999999720e+01 -7.946492000000000644e+01 1.550000000000000000e+02
4.378225299999999720e+01 -7.946491799999999728e+01 1.550000000000000000e+02
4.378225299999999720e+01 -7.946491500000000485e+01 1.550399999999999920e+02
4.378225199999999973e+01 -7.946491199999999822e+01 1.550399999999999920e+02
4.378225199999999973e+01 -7.946490799999999410e+01 1.550600000000000023e+02
4.378224999999999767e+01 -7.946490300000000673e+01 1.550699999999999932e+02
4.378224999999999767e+01 -7.946490000000000009e+01 1.551299999999999955e+02
4.378224999999999767e+01 -7.946489800000000514e+01 1.551800000000000068e+02
4.378224800000000272e+01 -7.946489699999999345e+01 1.551200000000000045e+02
4.378224800000000272e+01 -7.946489200000000608e+01 1.551399999999999864e+02
4.378224800000000272e+01 -7.946488700000000449e+01 1.552800000000000011e+02
4.378224800000000272e+01 -7.946488300000000038e+01 1.551999999999999886e+02
4.378224699999999814e+01 -7.946487999999999374e+01 1.551800000000000068e+02
4.378224699999999814e+01 -7.946487799999999879e+01 1.551999999999999886e+02
4.378224500000000319e+01 -7.946487500000000637e+01 1.553199999999999932e+02
4.378224800000000272e+01 -7.946487299999999721e+01 1.514799999999999898e+02
4.378224699999999814e+01 -7.946487199999999973e+01 1.519199999999999875e+02
4.378224300000000113e+01 -7.946486500000000319e+01 1.552100000000000080e+02
4.378224800000000272e+01 -7.946486500000000319e+01 1.511599999999999966e+02
4.378224000000000160e+01 -7.946485300000000507e+01 1.542599999999999909e+02
4.378223700000000207e+01 -7.946484700000000601e+01 1.559000000000000057e+02
4.378223700000000207e+01 -7.946484200000000442e+01 1.544799999999999898e+02
4.378223799999999954e+01 -7.946485199999999338e+01 1.569300000000000068e+02
4.378223700000000207e+01 -7.946484700000000601e+01 1.560600000000000023e+02
4.378223500000000001e+01 -7.946483800000000031e+01 1.565500000000000114e+02
4.378223500000000001e+01 -7.946483700000000283e+01 1.562800000000000011e+02
4.378223200000000048e+01 -7.946483000000000629e+01 1.559799999999999898e+02
4.378223200000000048e+01 -7.946482699999999966e+01 1.555099999999999909e+02
4.378223200000000048e+01 -7.946482199999999807e+01 1.543600000000000136e+02
4.378222999999999843e+01 -7.946481699999999648e+01 1.541299999999999955e+02
4.378222800000000348e+01 -7.946481300000000658e+01 1.541599999999999966e+02
4.378223200000000048e+01 -7.946481799999999396e+01 1.534799999999999898e+02
4.378222699999999890e+01 -7.946480999999999995e+01 1.544799999999999898e+02
4.378222499999999684e+01 -7.946480499999999836e+01 1.541999999999999886e+02
4.378222199999999731e+01 -7.946479999999999677e+01 1.542500000000000000e+02
4.378222199999999731e+01 -7.946479800000000182e+01 1.542400000000000091e+02
4.378222000000000236e+01 -7.946479499999999518e+01 1.542400000000000091e+02
4.378221700000000283e+01 -7.946479200000000276e+01 1.543000000000000114e+02
4.378221800000000030e+01 -7.946479700000000435e+01 1.539900000000000091e+02
4.378221200000000124e+01 -7.946478299999999706e+01 1.544300000000000068e+02
4.378221200000000124e+01 -7.946478000000000463e+01 1.545600000000000023e+02
4.378221200000000124e+01 -7.946478500000000622e+01 1.540399999999999920e+02
4.378221200000000124e+01 -7.946478500000000622e+01 1.540300000000000011e+02
4.378221200000000124e+01 -7.946478700000000117e+01 1.537700000000000102e+02
4.378221200000000124e+01 -7.946478700000000117e+01 1.536399999999999864e+02
4.378220799999999713e+01 -7.946478299999999706e+01 1.536500000000000057e+02
4.378220699999999965e+01 -7.946478199999999958e+01 1.536599999999999966e+02
4.378220499999999760e+01 -7.946478000000000463e+01 1.537299999999999898e+02
4.378220300000000265e+01 -7.946477699999999800e+01 1.538100000000000023e+02
4.378219800000000106e+01 -7.946477000000000146e+01 1.541399999999999864e+02
4.378219500000000153e+01 -7.946476499999999987e+01 1.543700000000000045e+02
4.378219299999999947e+01 -7.946476499999999987e+01 1.543199999999999932e+02
4.378219200000000200e+01 -7.946476499999999987e+01 1.553400000000000034e+02
4.378218999999999994e+01 -7.946476300000000492e+01 1.547100000000000080e+02
4.378218799999999788e+01 -7.946476199999999324e+01 1.547500000000000000e+02
4.378218499999999835e+01 -7.946475800000000334e+01 1.546200000000000045e+02
4.378218300000000340e+01 -7.946475700000000586e+01 1.550399999999999920e+02
4.378217800000000182e+01 -7.946475200000000427e+01 1.545399999999999920e+02
4.378217800000000182e+01 -7.946475200000000427e+01 1.550099999999999909e+02
4.378217699999999724e+01 -7.946475200000000427e+01 1.551399999999999864e+02
4.378217300000000023e+01 -7.946474800000000016e+01 1.549199999999999875e+02
4.378217300000000023e+01 -7.946474800000000016e+01 1.551399999999999864e+02
4.378217200000000275e+01 -7.946474499999999352e+01 1.545600000000000023e+02
4.378217000000000070e+01 -7.946474299999999857e+01 1.542700000000000102e+02
4.378216799999999864e+01 -7.946474200000000110e+01 1.542500000000000000e+02
4.378216700000000117e+01 -7.946474200000000110e+01 1.548199999999999932e+02
4.378216199999999958e+01 -7.946473799999999699e+01 1.546899999999999977e+02
4.378216199999999958e+01 -7.946473799999999699e+01 1.547299999999999898e+02
4.378215999999999752e+01 -7.946473699999999951e+01 1.545999999999999943e+02
4.378215800000000257e+01 -7.946473299999999540e+01 1.543499999999999943e+02
4.378215500000000304e+01 -7.946473299999999540e+01 1.546100000000000136e+02
4.378215200000000351e+01 -7.946473000000000297e+01 1.549000000000000057e+02
4.378215200000000351e+01 -7.946473000000000297e+01 1.549000000000000057e+02
4.378214799999999940e+01 -7.946472799999999381e+01 1.550000000000000000e+02
4.378214799999999940e+01 -7.946472799999999381e+01 1.548799999999999955e+02
4.378214700000000192e+01 -7.946472699999999634e+01 1.546599999999999966e+02
4.378214499999999987e+01 -7.946472500000000139e+01 1.546699999999999875e+02
4.378214299999999781e+01 -7.946472300000000644e+01 1.546599999999999966e+02
4.378214200000000034e+01 -7.946472199999999475e+01 1.544699999999999989e+02
4.378213999999999828e+01 -7.946472199999999475e+01 1.547500000000000000e+02
4.378213800000000333e+01 -7.946471999999999980e+01 1.546800000000000068e+02
4.378213699999999875e+01 -7.946471800000000485e+01 1.546599999999999966e+02
4.378213499999999669e+01 -7.946471800000000485e+01 1.546800000000000068e+02
4.378213300000000174e+01 -7.946471699999999316e+01 1.547400000000000091e+02
4.378213199999999716e+01 -7.946471699999999316e+01 1.546999999999999886e+02
4.378213000000000221e+01 -7.946471499999999821e+01 1.550900000000000034e+02
4.378212700000000268e+01 -7.946471300000000326e+01 1.552199999999999989e+02
4.378212500000000063e+01 -7.946471200000000579e+01 1.553799999999999955e+02
4.378212200000000109e+01 -7.946470800000000168e+01 1.554600000000000080e+02
4.378211999999999904e+01 -7.946470700000000420e+01 1.553300000000000125e+02
4.378211799999999698e+01 -7.946470499999999504e+01 1.553499999999999943e+02
4.378211699999999951e+01 -7.946470300000000009e+01 1.556399999999999864e+02
4.378211499999999745e+01 -7.946470200000000261e+01 1.556699999999999875e+02
4.378211300000000250e+01 -7.946469999999999345e+01 1.556399999999999864e+02
4.378211199999999792e+01 -7.946469999999999345e+01 1.557299999999999898e+02
4.378210800000000091e+01 -7.946469700000000103e+01 1.557500000000000000e+02
4.378210299999999933e+01 -7.946469500000000608e+01 1.557500000000000000e+02
4.378210299999999933e+01 -7.946469299999999691e+01 1.557400000000000091e+02
4.378210200000000185e+01 -7.946469199999999944e+01 1.559600000000000080e+02
4.378209799999999774e+01 -7.946469000000000449e+01 1.558300000000000125e+02
4.378209700000000026e+01 -7.946468799999999533e+01 1.556299999999999955e+02
4.378209499999999821e+01 -7.946468799999999533e+01 1.555000000000000000e+02
4.378209300000000326e+01 -7.946468699999999785e+01 1.554900000000000091e+02
4.378208999999999662e+01 -7.946468299999999374e+01 1.554499999999999886e+02
4.378208500000000214e+01 -7.946468000000000131e+01 1.553100000000000023e+02
4.378208300000000008e+01 -7.946468000000000131e+01 1.553300000000000125e+02
4.378208200000000261e+01 -7.946468000000000131e+01 1.552899999999999920e+02
4.378208000000000055e+01 -7.946467800000000636e+01 1.553000000000000114e+02
4.378207700000000102e+01 -7.946467800000000636e+01 1.552899999999999920e+02
4.378207299999999691e+01 -7.946467699999999468e+01 1.553600000000000136e+02
4.378207199999999943e+01 -7.946467499999999973e+01 1.554399999999999977e+02
4.378206800000000243e+01 -7.946467499999999973e+01 1.555200000000000102e+02
4.378206500000000290e+01 -7.946467499999999973e+01 1.555699999999999932e+02
4.378206000000000131e+01 -7.946467300000000478e+01 1.555399999999999920e+02
4.378206000000000131e+01 -7.946467300000000478e+01 1.555000000000000000e+02
4.378205700000000178e+01 -7.946467300000000478e+01 1.554399999999999977e+02
4.378205499999999972e+01 -7.946467300000000478e+01 1.553700000000000045e+02
4.378205200000000019e+01 -7.946467300000000478e+01 1.553499999999999943e+02
4.378204699999999860e+01 -7.946467300000000478e+01 1.553700000000000045e+02
4.378204499999999655e+01 -7.946467300000000478e+01 1.553400000000000034e+02
4.378204199999999702e+01 -7.946467300000000478e+01 1.553899999999999864e+02
4.378204000000000207e+01 -7.946467300000000478e+01 1.553700000000000045e+02
4.378204300000000160e+01 -7.946467199999999309e+01 1.557199999999999989e+02
4.378204300000000160e+01 -7.946467199999999309e+01 1.556899999999999977e+02
4.378203800000000001e+01 -7.946467199999999309e+01 1.556299999999999955e+02
4.378204300000000160e+01 -7.946466999999999814e+01 1.559699999999999989e+02
4.378203299999999842e+01 -7.946467199999999309e+01 1.556299999999999955e+02
4.378202799999999684e+01 -7.946467300000000478e+01 1.554600000000000080e+02
4.378202999999999889e+01 -7.946467199999999309e+01 1.556200000000000045e+02
4.378202499999999731e+01 -7.946467199999999309e+01 1.555600000000000023e+02
4.378202199999999777e+01 -7.946467199999999309e+01 1.553600000000000136e+02
4.378201800000000077e+01 -7.946467300000000478e+01 1.553000000000000114e+02
4.378200799999999759e+01 -7.946467699999999468e+01 1.549000000000000057e+02
4.378201200000000171e+01 -7.946467300000000478e+01 1.552599999999999909e+02
4.378200499999999806e+01 -7.946467499999999973e+01 1.551200000000000045e+02
4.378200300000000311e+01 -7.946467499999999973e+01 1.553199999999999932e+02
4.378199999999999648e+01 -7.946467499999999973e+01 1.553700000000000045e+02
4.378199800000000153e+01 -7.946467499999999973e+01 1.554399999999999977e+02
4.378199500000000199e+01 -7.946467499999999973e+01 1.554699999999999989e+02
4.378199299999999994e+01 -7.946467499999999973e+01 1.554699999999999989e+02
4.378198299999999676e+01 -7.946467499999999973e+01 1.563199999999999932e+02
4.378198199999999929e+01 -7.946467499999999973e+01 1.561899999999999977e+02
4.378197999999999723e+01 -7.946467499999999973e+01 1.562500000000000000e+02
4.378197800000000228e+01 -7.946467499999999973e+01 1.562700000000000102e+02
4.378197300000000070e+01 -7.946467499999999973e+01 1.563600000000000136e+02
4.378197000000000116e+01 -7.946467499999999973e+01 1.563600000000000136e+02
4.378196799999999911e+01 -7.946467699999999468e+01 1.562500000000000000e+02
4.378196700000000163e+01 -7.946467699999999468e+01 1.563000000000000114e+02
4.378196299999999752e+01 -7.946467800000000636e+01 1.562400000000000091e+02
4.378196200000000005e+01 -7.946467800000000636e+01 1.561899999999999977e+02
4.378195999999999799e+01 -7.946467800000000636e+01 1.561899999999999977e+02
4.378196299999999752e+01 -7.946468299999999374e+01 1.517899999999999920e+02
4.378195999999999799e+01 -7.946468500000000290e+01 1.525900000000000034e+02
4.378195300000000145e+01 -7.946468199999999626e+01 1.536299999999999955e+02
4.378195199999999687e+01 -7.946468299999999374e+01 1.535600000000000023e+02
4.378194799999999987e+01 -7.946468299999999374e+01 1.536699999999999875e+02
4.378194299999999828e+01 -7.946468299999999374e+01 1.541200000000000045e+02
4.378194700000000239e+01 -7.946468500000000290e+01 1.529799999999999898e+02
4.378194299999999828e+01 -7.946468799999999533e+01 1.527400000000000091e+02
4.378193699999999922e+01 -7.946468799999999533e+01 1.531999999999999886e+02
4.378192700000000315e+01 -7.946469199999999944e+01 1.530699999999999932e+02
4.378191699999999997e+01 -7.946469500000000608e+01 1.527599999999999909e+02
4.378191000000000344e+01 -7.946469700000000103e+01 1.529099999999999966e+02
4.378189799999999821e+01 -7.946470300000000009e+01 1.522899999999999920e+02
4.378189199999999914e+01 -7.946470499999999504e+01 1.529300000000000068e+02
4.378188200000000307e+01 -7.946470800000000168e+01 1.530200000000000102e+02
4.378187499999999943e+01 -7.946471300000000326e+01 1.534300000000000068e+02
4.378186699999999831e+01 -7.946471800000000485e+01 1.538600000000000136e+02
4.378185700000000224e+01 -7.946472500000000139e+01 1.534799999999999898e+02
4.378185200000000066e+01 -7.946472799999999381e+01 1.559699999999999989e+02
4.378184699999999907e+01 -7.946473299999999540e+01 1.560000000000000000e+02
4.378184199999999748e+01 -7.946473299999999540e+01 1.564099999999999966e+02
4.378182799999999730e+01 -7.946475200000000427e+01 1.532400000000000091e+02
4.378182199999999824e+01 -7.946475499999999670e+01 1.537800000000000011e+02
4.378181800000000123e+01 -7.946475700000000586e+01 1.539600000000000080e+02
4.378180799999999806e+01 -7.946477299999999389e+01 1.531599999999999966e+02
4.378180299999999647e+01 -7.946477799999999547e+01 1.531500000000000057e+02
4.378179999999999694e+01 -7.946477799999999547e+01 1.535399999999999920e+02
4.378179000000000087e+01 -7.946479700000000435e+01 1.533700000000000045e+02
4.378178700000000134e+01 -7.946480300000000341e+01 1.531800000000000068e+02
4.378178199999999975e+01 -7.946481199999999490e+01 1.531699999999999875e+02
4.378177999999999770e+01 -7.946482000000000312e+01 1.527500000000000000e+02
4.378177500000000322e+01 -7.946482500000000471e+01 1.531399999999999864e+02
4.378176799999999957e+01 -7.946483499999999367e+01 1.528899999999999864e+02
4.378176500000000004e+01 -7.946483200000000124e+01 1.532700000000000102e+02
4.378175499999999687e+01 -7.946483700000000283e+01 1.573600000000000136e+02
4.378175300000000192e+01 -7.946485199999999338e+01 1.559900000000000091e+02
4.378175199999999734e+01 -7.946486299999999403e+01 1.549199999999999875e+02
4.378174700000000286e+01 -7.946486699999999814e+01 1.553899999999999864e+02
4.378173799999999716e+01 -7.946488200000000290e+01 1.555200000000000102e+02
4.378173300000000268e+01 -7.946489300000000355e+01 1.553300000000000125e+02
4.378172699999999651e+01 -7.946491199999999822e+01 1.528600000000000136e+02
4.378172200000000203e+01 -7.946491799999999728e+01 1.558600000000000136e+02
4.378172200000000203e+01 -7.946492200000000139e+01 1.552299999999999898e+02
4.378171700000000044e+01 -7.946493300000000204e+01 1.555300000000000011e+02
4.378171499999999838e+01 -7.946494500000000016e+01 1.556399999999999864e+02
4.378171499999999838e+01 -7.946495299999999418e+01 1.552899999999999920e+02
4.378171199999999885e+01 -7.946496299999999735e+01 1.551399999999999864e+02
4.378171199999999885e+01 -7.946496700000000146e+01 1.549099999999999966e+02
4.378171199999999885e+01 -7.946497200000000305e+01 1.547599999999999909e+02
4.378170800000000185e+01 -7.946498200000000622e+01 1.551100000000000136e+02
4.378170800000000185e+01 -7.946499199999999519e+01 1.559499999999999886e+02
4.378170800000000185e+01 -7.946499500000000182e+01 1.557700000000000102e+02
4.378170999999999680e+01 -7.946499000000000024e+01 1.549000000000000057e+02
4.378170699999999727e+01 -7.946500500000000500e+01 1.558899999999999864e+02
4.378170699999999727e+01 -7.946501000000000658e+01 1.558499999999999943e+02
4.378170699999999727e+01 -7.946501200000000154e+01 1.558600000000000136e+02
4.378170699999999727e+01 -7.946501499999999396e+01 1.560099999999999909e+02
4.378170699999999727e+01 -7.946502200000000471e+01 1.561899999999999977e+02
4.378170800000000185e+01 -7.946502499999999714e+01 1.561599999999999966e+02
4.378170800000000185e+01 -7.946502499999999714e+01 1.551500000000000057e+02
4.378170800000000185e+01 -7.946503300000000536e+01 1.549199999999999875e+02
4.378170800000000185e+01 -7.946503300000000536e+01 1.548899999999999864e+02
4.378171199999999885e+01 -7.946503699999999526e+01 1.541899999999999977e+02
4.378171199999999885e+01 -7.946504699999999843e+01 1.546899999999999977e+02
4.378171199999999885e+01 -7.946505500000000666e+01 1.549600000000000080e+02
4.378171300000000343e+01 -7.946505999999999403e+01 1.549199999999999875e+02
4.378171499999999838e+01 -7.946506200000000320e+01 1.549000000000000057e+02
4.378171300000000343e+01 -7.946506499999999562e+01 1.546999999999999886e+02
4.378171499999999838e+01 -7.946506800000000226e+01 1.546200000000000045e+02
4.378171499999999838e+01 -7.946507699999999375e+01 1.549300000000000068e+02
4.378171300000000343e+01 -7.946508000000000038e+01 1.549799999999999898e+02
4.378171499999999838e+01 -7.946508199999999533e+01 1.549300000000000068e+02
4.378171499999999838e+01 -7.946508699999999692e+01 1.549900000000000091e+02
4.378171499999999838e+01 -7.946509000000000356e+01 1.547899999999999920e+02
4.378171799999999791e+01 -7.946510000000000673e+01 1.555600000000000023e+02
4.378171700000000044e+01 -7.946510200000000168e+01 1.546399999999999864e+02
4.378171499999999838e+01 -7.946510800000000074e+01 1.547299999999999898e+02
4.378171499999999838e+01 -7.946511700000000644e+01 1.550399999999999920e+02
4.378171499999999838e+01 -7.946512500000000045e+01 1.552400000000000091e+02
4.378171700000000044e+01 -7.946512800000000709e+01 1.552100000000000080e+02
4.378171499999999838e+01 -7.946513299999999447e+01 1.550600000000000023e+02
4.378171700000000044e+01 -7.946514000000000522e+01 1.555500000000000114e+02
4.378171700000000044e+01 -7.946514299999999764e+01 1.555600000000000023e+02
4.378171700000000044e+01 -7.946514999999999418e+01 1.554900000000000091e+02
4.378171700000000044e+01 -7.946515499999999577e+01 1.555300000000000011e+02
4.378171799999999791e+01 -7.946516499999999894e+01 1.558700000000000045e+02
4.378171999999999997e+01 -7.946517699999999707e+01 1.565200000000000102e+02
4.378171799999999791e+01 -7.946517799999999454e+01 1.556299999999999955e+02
4.378171799999999791e+01 -7.946518799999999771e+01 1.555900000000000034e+02
4.378171799999999791e+01 -7.946519499999999425e+01 1.557899999999999920e+02
4.378171700000000044e+01 -7.946520300000000248e+01 1.554000000000000057e+02
4.378171999999999997e+01 -7.946521199999999396e+01 1.558799999999999955e+02
4.378171799999999791e+01 -7.946521799999999303e+01 1.553400000000000034e+02
4.378171799999999791e+01 -7.946522799999999620e+01 1.555300000000000011e+02
4.378171999999999997e+01 -7.946523700000000190e+01 1.559600000000000080e+02
4.378171999999999997e+01 -7.946524300000000096e+01 1.557899999999999920e+02
4.378171999999999997e+01 -7.946524999999999750e+01 1.557899999999999920e+02
4.378171999999999997e+01 -7.946526000000000067e+01 1.557100000000000080e+02
4.378171999999999997e+01 -7.946526799999999469e+01 1.559000000000000057e+02
4.378171999999999997e+01 -7.946527199999999880e+01 1.553499999999999943e+02
4.378171700000000044e+01 -7.946528200000000197e+01 1.546200000000000045e+02
4.378171999999999997e+01 -7.946529200000000515e+01 1.555300000000000011e+02
4.378172200000000203e+01 -7.946529800000000421e+01 1.559699999999999989e+02
4.378172299999999950e+01 -7.946530799999999317e+01 1.559799999999999898e+02
4.378172299999999950e+01 -7.946531500000000392e+01 1.558000000000000114e+02
4.378172500000000156e+01 -7.946532200000000046e+01 1.557599999999999909e+02
4.378172699999999651e+01 -7.946532799999999952e+01 1.553400000000000034e+02
4.378172800000000109e+01 -7.946533499999999606e+01 1.554600000000000080e+02
4.378173000000000314e+01 -7.946534200000000681e+01 1.555699999999999932e+02
4.378173199999999810e+01 -7.946534699999999418e+01 1.554600000000000080e+02
4.378173300000000268e+01 -7.946535000000000082e+01 1.554099999999999966e+02
4.378173699999999968e+01 -7.946535799999999483e+01 1.551399999999999864e+02
4.378173799999999716e+01 -7.946536500000000558e+01 1.549699999999999989e+02
4.378174200000000127e+01 -7.946536999999999296e+01 1.549000000000000057e+02
4.378174500000000080e+01 -7.946537700000000370e+01 1.548499999999999943e+02
4.378173799999999716e+01 -7.946536999999999296e+01 1.581100000000000136e+02
4.378174299999999874e+01 -7.946537800000000118e+01 1.580500000000000114e+02
4.378174800000000033e+01 -7.946538499999999772e+01 1.578799999999999955e+02
4.378175300000000192e+01 -7.946539300000000594e+01 1.575300000000000011e+02
4.378175800000000351e+01 -7.946540000000000248e+01 1.574399999999999977e+02
4.378175999999999846e+01 -7.946540299999999490e+01 1.573799999999999955e+02
4.378176500000000004e+01 -7.946541200000000060e+01 1.573300000000000125e+02
4.378177000000000163e+01 -7.946541799999999967e+01 1.570999999999999943e+02
4.378177300000000116e+01 -7.946542300000000125e+01 1.570399999999999920e+02
4.378177699999999817e+01 -7.946542999999999779e+01 1.566899999999999977e+02
4.378178299999999723e+01 -7.946543800000000601e+01 1.565999999999999943e+02
4.378178700000000134e+01 -7.946544500000000255e+01 1.567700000000000102e+02
4.378179000000000087e+01 -7.946545000000000414e+01 1.566899999999999977e+02
4.378179300000000040e+01 -7.946545500000000573e+01 1.568899999999999864e+02
4.378179699999999741e+01 -7.946546200000000226e+01 1.569699999999999989e+02
4.378179999999999694e+01 -7.946546800000000133e+01 1.569199999999999875e+02
4.378180499999999853e+01 -7.946547499999999786e+01 1.567700000000000102e+02
4.378180799999999806e+01 -7.946547999999999945e+01 1.565500000000000114e+02
4.378181200000000217e+01 -7.946548500000000104e+01 1.565099999999999909e+02
4.378181699999999665e+01 -7.946549299999999505e+01 1.565800000000000125e+02
4.378182000000000329e+01 -7.946550000000000580e+01 1.568100000000000023e+02
4.378182499999999777e+01 -7.946550700000000234e+01 1.570000000000000000e+02
4.378182999999999936e+01 -7.946551300000000140e+01 1.567100000000000080e+02
4.378183299999999889e+01 -7.946551800000000298e+01 1.569199999999999875e+02
4.378183700000000300e+01 -7.946552499999999952e+01 1.571399999999999864e+02
4.378184000000000253e+01 -7.946553000000000111e+01 1.569600000000000080e+02
4.378184499999999701e+01 -7.946553500000000270e+01 1.573000000000000114e+02
4.378184799999999655e+01 -7.946554199999999923e+01 1.572599999999999909e+02
4.378185299999999813e+01 -7.946554799999999830e+01 1.574399999999999977e+02
4.378185700000000224e+01 -7.946555299999999988e+01 1.573000000000000114e+02
4.378186199999999673e+01 -7.946555999999999642e+01 1.572800000000000011e+02
4.378186500000000336e+01 -7.946556699999999296e+01 1.572800000000000011e+02
4.378186800000000289e+01 -7.946557199999999455e+01 1.573000000000000114e+02
4.378187299999999738e+01 -7.946558000000000277e+01 1.571699999999999875e+02
4.378187499999999943e+01 -7.946558199999999772e+01 1.573499999999999943e+02
4.378187799999999896e+01 -7.946558699999999931e+01 1.573100000000000023e+02
4.378188000000000102e+01 -7.946559000000000594e+01 1.574199999999999875e+02
4.378188300000000055e+01 -7.946559499999999332e+01 1.573899999999999864e+02
4.378188699999999756e+01 -7.946559999999999491e+01 1.570600000000000023e+02
4.378189199999999914e+01 -7.946560800000000313e+01 1.570900000000000034e+02
4.378189499999999867e+01 -7.946561300000000472e+01 1.572199999999999989e+02
4.378189799999999821e+01 -7.946561800000000630e+01 1.572700000000000102e+02
4.378190000000000026e+01 -7.946562199999999621e+01 1.573000000000000114e+02
4.378191300000000297e+01 -7.946563999999999339e+01 1.523199999999999932e+02
4.378190800000000138e+01 -7.946563500000000602e+01 1.573499999999999943e+02
4.378191300000000297e+01 -7.946564200000000255e+01 1.572899999999999920e+02
4.378191300000000297e+01 -7.946564300000000003e+01 1.573100000000000023e+02
4.378191699999999997e+01 -7.946564800000000162e+01 1.574300000000000068e+02
4.378192200000000156e+01 -7.946565699999999310e+01 1.572800000000000011e+02
4.378192500000000109e+01 -7.946565999999999974e+01 1.573199999999999932e+02
4.378192800000000062e+01 -7.946566699999999628e+01 1.570900000000000034e+02
4.378193300000000221e+01 -7.946567500000000450e+01 1.571800000000000068e+02
4.378193799999999669e+01 -7.946568200000000104e+01 1.572500000000000000e+02
4.378194700000000239e+01 -7.946569499999999664e+01 1.524799999999999898e+02
4.378195000000000192e+01 -7.946569999999999823e+01 1.530800000000000125e+02
4.378194799999999987e+01 -7.946570300000000486e+01 1.548400000000000034e+02
4.378195000000000192e+01 -7.946570699999999476e+01 1.555500000000000114e+02
4.378195300000000145e+01 -7.946571699999999794e+01 1.552299999999999898e+02
4.378195699999999846e+01 -7.946571199999999635e+01 1.575999999999999943e+02
4.378195800000000304e+01 -7.946571299999999383e+01 1.593400000000000034e+02
4.378197000000000116e+01 -7.946572799999999859e+01 1.565999999999999943e+02
4.378197699999999770e+01 -7.946573800000000176e+01 1.540200000000000102e+02
4.378198199999999929e+01 -7.946574699999999325e+01 1.560900000000000034e+02
4.378198199999999929e+01 -7.946574800000000494e+01 1.576399999999999864e+02
4.378198700000000088e+01 -7.946575500000000147e+01 1.573499999999999943e+02
4.378199800000000153e+01 -7.946577499999999361e+01 1.528199999999999932e+02
4.378199999999999648e+01 -7.946577000000000623e+01 1.573600000000000136e+02
4.378200499999999806e+01 -7.946577700000000277e+01 1.570300000000000011e+02
4.378200799999999759e+01 -7.946577800000000025e+01 1.579600000000000080e+02
4.378201299999999918e+01 -7.946578300000000183e+01 1.574900000000000091e+02
4.378201700000000329e+01 -7.946578700000000595e+01 1.575699999999999932e+02
4.378202199999999777e+01 -7.946579199999999332e+01 1.572700000000000102e+02
4.378202999999999889e+01 -7.946579699999999491e+01 1.570399999999999920e+02
4.378204000000000207e+01 -7.946580500000000313e+01 1.557899999999999920e+02
4.378204499999999655e+01 -7.946580699999999808e+01 1.558799999999999955e+02
4.378205200000000019e+01 -7.946580799999999556e+01 1.556800000000000068e+02
4.378206200000000337e+01 -7.946581199999999967e+01 1.549199999999999875e+02
4.378206699999999785e+01 -7.946581199999999967e+01 1.552599999999999909e+02
4.378207199999999943e+01 -7.946581000000000472e+01 1.554900000000000091e+02
4.378207700000000102e+01 -7.946580799999999556e+01 1.554199999999999875e+02
4.378208500000000214e+01 -7.946580500000000313e+01 1.554300000000000068e+02
4.378208999999999662e+01 -7.946580299999999397e+01 1.556999999999999886e+02
4.378209799999999774e+01 -7.946580199999999650e+01 1.555600000000000023e+02
4.378210200000000185e+01 -7.946580000000000155e+01 1.556500000000000057e+02
4.378210299999999933e+01 -7.946580000000000155e+01 1.555800000000000125e+02
4.378211000000000297e+01 -7.946579699999999491e+01 1.556999999999999886e+02
4.378211300000000250e+01 -7.946579699999999491e+01 1.557899999999999920e+02
4.378211699999999951e+01 -7.946579499999999996e+01 1.558100000000000023e+02
4.378211799999999698e+01 -7.946579300000000501e+01 1.558300000000000125e+02
4.378211999999999904e+01 -7.946579300000000501e+01 1.557700000000000102e+02
4.378212299999999857e+01 -7.946579199999999332e+01 1.557899999999999920e+02
4.378212500000000063e+01 -7.946579199999999332e+01 1.557700000000000102e+02
4.378213000000000221e+01 -7.946578800000000342e+01 1.558000000000000114e+02
4.378213300000000174e+01 -7.946578700000000595e+01 1.557700000000000102e+02
4.378213699999999875e+01 -7.946578499999999678e+01 1.558199999999999932e+02
4.378213800000000333e+01 -7.946578499999999678e+01 1.558000000000000114e+02
4.378214200000000034e+01 -7.946578300000000183e+01 1.556899999999999977e+02
4.378214200000000034e+01 -7.946578200000000436e+01 1.557100000000000080e+02
4.378214499999999987e+01 -7.946577999999999520e+01 1.557599999999999909e+02
4.378214700000000192e+01 -7.946577800000000025e+01 1.557700000000000102e+02
4.378214799999999940e+01 -7.946577700000000277e+01 1.557199999999999989e+02
4.378214799999999940e+01 -7.946577700000000277e+01 1.556599999999999966e+02
4.378215200000000351e+01 -7.946577299999999866e+01 1.555900000000000034e+02
4.378215200000000351e+01 -7.946577299999999866e+01 1.555300000000000011e+02
4.378215300000000099e+01 -7.946576799999999707e+01 1.555099999999999909e+02
4.378215500000000304e+01 -7.946576699999999960e+01 1.555900000000000034e+02
4.378215500000000304e+01 -7.946576500000000465e+01 1.556200000000000045e+02
4.378215500000000304e+01 -7.946576500000000465e+01 1.555800000000000125e+02
4.378215500000000304e+01 -7.946576500000000465e+01 1.555500000000000114e+02
4.378215500000000304e+01 -7.946576500000000465e+01 1.555999999999999943e+02
4.378215500000000304e+01 -7.946576500000000465e+01 1.555900000000000034e+02
4.378215500000000304e+01 -7.946576500000000465e+01 1.555500000000000114e+02
4.378215500000000304e+01 -7.946576500000000465e+01 1.555800000000000125e+02
4.378215500000000304e+01 -7.946576500000000465e+01 1.556500000000000057e+02
4.378215500000000304e+01 -7.946576500000000465e+01 1.556399999999999864e+02
4.378215500000000304e+01 -7.946576500000000465e+01 1.556200000000000045e+02
