4.378215699999999799e+01 -7.946576199999999801e+01 1.535099999999999909e+02
4.378215800000000257e+01 -7.946576000000000306e+01 1.535200000000000102e+02
4.378216299999999706e+01 -7.946576799999999707e+01 1.543600000000000136e+02
4.378216299999999706e+01 -7.946576500000000465e+01 1.535800000000000125e+02
4.378216299999999706e+01 -7.946576699999999960e+01 1.547100000000000080e+02
4.378216299999999706e+01 -7.946576299999999549e+01 1.541899999999999977e+02
4.378215800000000257e+01 -7.946575300000000652e+01 1.531699999999999875e+02
4.378216299999999706e+01 -7.946576000000000306e+01 1.537500000000000000e+02
4.378216299999999706e+01 -7.946575500000000147e+01 1.540399999999999920e+02
4.378216299999999706e+01 -7.946574200000000587e+01 1.555800000000000125e+02
4.378215999999999752e+01 -7.946573200000000270e+01 1.530699999999999932e+02
4.378216499999999911e+01 -7.946572500000000616e+01 1.568100000000000023e+02
4.378216199999999958e+01 -7.946571699999999794e+01 1.538499999999999943e+02
4.378216499999999911e+01 -7.946571500000000299e+01 1.548100000000000023e+02
4.378216700000000117e+01 -7.946571199999999635e+01 1.555300000000000011e+02
4.378216700000000117e+01 -7.946570699999999476e+01 1.558499999999999943e+02
4.378216799999999864e+01 -7.946570499999999981e+01 1.561100000000000136e+02
4.378216799999999864e+01 -7.946569499999999664e+01 1.541800000000000068e+02
4.378216799999999864e+01 -7.946568999999999505e+01 1.542400000000000091e+02
4.378216799999999864e+01 -7.946568700000000263e+01 1.535500000000000114e+02
4.378217000000000070e+01 -7.946568000000000609e+01 1.538300000000000125e+02
4.378217200000000275e+01 -7.946567699999999945e+01 1.543400000000000034e+02
4.378217200000000275e+01 -7.946566799999999375e+01 1.546699999999999875e+02
4.378217300000000023e+01 -7.946566300000000638e+01 1.545900000000000034e+02
4.378217500000000229e+01 -7.946565699999999310e+01 1.547500000000000000e+02
4.378217300000000023e+01 -7.946564800000000162e+01 1.541500000000000057e+02
4.378217500000000229e+01 -7.946564300000000003e+01 1.542299999999999898e+02
4.378217699999999724e+01 -7.946563700000000097e+01 1.541500000000000057e+02
4.378217699999999724e+01 -7.946562799999999527e+01 1.541800000000000068e+02
4.378217699999999724e+01 -7.946562299999999368e+01 1.542500000000000000e+02
4.378217800000000182e+01 -7.946561800000000630e+01 1.543100000000000023e+02
4.378217800000000182e+01 -7.946561499999999967e+01 1.543799999999999955e+02
4.378217999999999677e+01 -7.946561199999999303e+01 1.544799999999999898e+02
4.378217999999999677e+01 -7.946560700000000566e+01 1.548499999999999943e+02
4.378218199999999882e+01 -7.946559700000000248e+01 1.546399999999999864e+02
4.378218199999999882e+01 -7.946559299999999837e+01 1.545099999999999909e+02
4.378218199999999882e+01 -7.946558799999999678e+01 1.544799999999999898e+02
4.378218199999999882e+01 -7.946557799999999361e+01 1.539900000000000091e+02
4.378218300000000340e+01 -7.946557199999999455e+01 1.540099999999999909e+02
4.378218300000000340e+01 -7.946556699999999296e+01 1.538899999999999864e+02
4.378218499999999835e+01 -7.946556200000000558e+01 1.540000000000000000e+02
4.378218499999999835e+01 -7.946555800000000147e+01 1.541399999999999864e+02
4.378218799999999788e+01 -7.946554700000000082e+01 1.542700000000000102e+02
4.378218799999999788e+01 -7.946554299999999671e+01 1.542500000000000000e+02
4.378218799999999788e+01 -7.946553699999999765e+01 1.543400000000000034e+02
4.378218999999999994e+01 -7.946553299999999354e+01 1.542400000000000091e+02
4.378218999999999994e+01 -7.946552699999999447e+01 1.541800000000000068e+02
4.378219200000000200e+01 -7.946552300000000457e+01 1.541299999999999955e+02
4.378219200000000200e+01 -7.946551700000000551e+01 1.541399999999999864e+02
4.378219200000000200e+01 -7.946551300000000140e+01 1.541200000000000045e+02
4.378219299999999947e+01 -7.946550999999999476e+01 1.540699999999999932e+02
4.378219299999999947e+01 -7.946550299999999822e+01 1.540999999999999943e+02
4.378219500000000153e+01 -7.946549699999999916e+01 1.540399999999999920e+02
4.378219699999999648e+01 -7.946549199999999757e+01 1.540200000000000102e+02
4.378219699999999648e+01 -7.946548699999999599e+01 1.541100000000000136e+02
4.378219800000000106e+01 -7.946547700000000702e+01 1.541100000000000136e+02
4.378220000000000312e+01 -7.946547200000000544e+01 1.540999999999999943e+02
4.378220000000000312e+01 -7.946546700000000385e+01 1.540099999999999909e+02
4.378220199999999807e+01 -7.946546299999999974e+01 1.540699999999999932e+02
4.378220199999999807e+01 -7.946545799999999815e+01 1.542400000000000091e+02
4.378220300000000265e+01 -7.946545199999999909e+01 1.542199999999999989e+02
4.378220300000000265e+01 -7.946544799999999498e+01 1.542500000000000000e+02
4.378220300000000265e+01 -7.946544299999999339e+01 1.541999999999999886e+02
4.378220499999999760e+01 -7.946543699999999433e+01 1.542199999999999989e+02
4.378220699999999965e+01 -7.946542999999999779e+01 1.542299999999999898e+02
4.378220699999999965e+01 -7.946542700000000536e+01 1.541999999999999886e+02
4.378220799999999713e+01 -7.946542200000000378e+01 1.541800000000000068e+02
4.378220799999999713e+01 -7.946541700000000219e+01 1.542800000000000011e+02
4.378220999999999918e+01 -7.946541200000000060e+01 1.541699999999999875e+02
4.378220999999999918e+01 -7.946540799999999649e+01 1.542100000000000080e+02
4.378221200000000124e+01 -7.946540000000000248e+01 1.541899999999999977e+02
4.378221200000000124e+01 -7.946539300000000594e+01 1.542199999999999989e+02
4.378221299999999871e+01 -7.946538700000000688e+01 1.542800000000000011e+02
4.378221500000000077e+01 -7.946537999999999613e+01 1.542599999999999909e+02
4.378221500000000077e+01 -7.946537499999999454e+01 1.542100000000000080e+02
4.378221700000000283e+01 -7.946536799999999801e+01 1.542599999999999909e+02
4.378221800000000030e+01 -7.946536299999999642e+01 1.542800000000000011e+02
4.378221800000000030e+01 -7.946535699999999736e+01 1.542800000000000011e+02
4.378222000000000236e+01 -7.946535199999999577e+01 1.542899999999999920e+02
4.378222000000000236e+01 -7.946534499999999923e+01 1.542599999999999909e+02
4.378222199999999731e+01 -7.946534200000000681e+01 1.543000000000000114e+02
4.378222199999999731e+01 -7.946533800000000269e+01 1.543400000000000034e+02
4.378222300000000189e+01 -7.946533200000000363e+01 1.543700000000000045e+02
4.378222300000000189e+01 -7.946532799999999952e+01 1.543600000000000136e+02
4.378222499999999684e+01 -7.946532299999999793e+01 1.543100000000000023e+02
4.378222499999999684e+01 -7.946532000000000551e+01 1.543600000000000136e+02
4.378222699999999890e+01 -7.946531199999999728e+01 1.543400000000000034e+02
4.378222800000000348e+01 -7.946530500000000075e+01 1.542800000000000011e+02
4.378222999999999843e+01 -7.946529800000000421e+01 1.542100000000000080e+02
4.378222999999999843e+01 -7.946529300000000262e+01 1.543600000000000136e+02
4.378223200000000048e+01 -7.946528700000000356e+01 1.543600000000000136e+02
4.378223299999999796e+01 -7.946528200000000197e+01 1.544300000000000068e+02
4.378223299999999796e+01 -7.946527799999999786e+01 1.544399999999999977e+02
4.378223299999999796e+01 -7.946527299999999627e+01 1.544900000000000091e+02
4.378223500000000001e+01 -7.946527000000000385e+01 1.544900000000000091e+02
4.378223500000000001e+01 -7.946526699999999721e+01 1.545200000000000102e+02
4.378223700000000207e+01 -7.946526199999999562e+01 1.545000000000000000e+02
4.378223799999999954e+01 -7.946525499999999909e+01 1.545300000000000011e+02
4.378223799999999954e+01 -7.946524999999999750e+01 1.544199999999999875e+02
4.378224000000000160e+01 -7.946524499999999591e+01 1.545699999999999932e+02
4.378224000000000160e+01 -7.946523700000000190e+01 1.545399999999999920e+02
4.378224199999999655e+01 -7.946523299999999779e+01 1.544499999999999886e+02
4.378224199999999655e+01 -7.946522799999999620e+01 1.544300000000000068e+02
4.378224300000000113e+01 -7.946522199999999714e+01 1.544300000000000068e+02
4.378224300000000113e+01 -7.946521300000000565e+01 1.543600000000000136e+02
4.378224500000000319e+01 -7.946520999999999901e+01 1.543199999999999932e+02
4.378224500000000319e+01 -7.946520700000000659e+01 1.544199999999999875e+02
4.378224500000000319e+01 -7.946520300000000248e+01 1.543899999999999864e+02
4.378224699999999814e+01 -7.946519800000000089e+01 1.543100000000000023e+02
4.378224699999999814e+01 -7.946519200000000183e+01 1.541399999999999864e+02
4.378224800000000272e+01 -7.946518700000000024e+01 1.542700000000000102e+02
4.378224999999999767e+01 -7.946518199999999865e+01 1.543700000000000045e+02
4.378224999999999767e+01 -7.946517500000000211e+01 1.543799999999999955e+02
4.378225199999999973e+01 -7.946517000000000053e+01 1.542500000000000000e+02
4.378225199999999973e+01 -7.946516499999999894e+01 1.541999999999999886e+02
4.378225299999999720e+01 -7.946515999999999735e+01 1.542599999999999909e+02
4.378225499999999926e+01 -7.946515300000000082e+01 1.541299999999999955e+02
4.378225499999999926e+01 -7.946514999999999418e+01 1.541299999999999955e+02
4.378225700000000131e+01 -7.946514500000000680e+01 1.542899999999999920e+02
4.378225700000000131e+01 -7.946513799999999605e+01 1.543100000000000023e+02
4.378226200000000290e+01 -7.946512199999999382e+01 1.519300000000000068e+02
4.378226300000000037e+01 -7.946511499999999728e+01 1.519000000000000057e+02
4.378226000000000084e+01 -7.946512199999999382e+01 1.537599999999999909e+02
4.378226200000000290e+01 -7.946511700000000644e+01 1.543400000000000034e+02
4.378226300000000037e+01 -7.946509799999999757e+01 1.531500000000000057e+02
4.378226500000000243e+01 -7.946509700000000009e+01 1.537700000000000102e+02
4.378226500000000243e+01 -7.946510000000000673e+01 1.547299999999999898e+02
4.378226500000000243e+01 -7.946509500000000514e+01 1.546299999999999955e+02
4.378226300000000037e+01 -7.946509000000000356e+01 1.542400000000000091e+02
4.378226200000000290e+01 -7.946509000000000356e+01 1.549399999999999977e+02
4.378226300000000037e+01 -7.946508000000000038e+01 1.557800000000000011e+02
4.378226699999999738e+01 -7.946507200000000637e+01 1.554600000000000080e+02
4.378227300000000355e+01 -7.946505799999999908e+01 1.555200000000000102e+02
4.378226999999999691e+01 -7.946505999999999403e+01 1.566200000000000045e+02
4.378226999999999691e+01 -7.946505500000000666e+01 1.564699999999999989e+02
4.378227199999999897e+01 -7.946505000000000507e+01 1.561800000000000068e+02
4.378226800000000196e+01 -7.946504699999999843e+01 1.560900000000000034e+02
4.378226800000000196e+01 -7.946504199999999685e+01 1.560099999999999909e+02
4.378226699999999738e+01 -7.946503800000000695e+01 1.556599999999999966e+02
4.378226500000000243e+01 -7.946503699999999526e+01 1.557100000000000080e+02
4.378226500000000243e+01 -7.946503500000000031e+01 1.552599999999999909e+02
4.378226300000000037e+01 -7.946502700000000630e+01 1.548700000000000045e+02
4.378226300000000037e+01 -7.946501999999999555e+01 1.546899999999999977e+02
4.378226500000000243e+01 -7.946501299999999901e+01 1.546999999999999886e+02
4.378226500000000243e+01 -7.946500799999999742e+01 1.544399999999999977e+02
4.378226300000000037e+01 -7.946500199999999836e+01 1.547299999999999898e+02
4.378226300000000037e+01 -7.946499799999999425e+01 1.544699999999999989e+02
4.378226500000000243e+01 -7.946498499999999865e+01 1.560300000000000011e+02
4.378226300000000037e+01 -7.946498300000000370e+01 1.548600000000000136e+02
4.378226300000000037e+01 -7.946497700000000464e+01 1.553199999999999932e+02
4.378226300000000037e+01 -7.946496799999999894e+01 1.555500000000000114e+02
4.378226300000000037e+01 -7.946496500000000651e+01 1.551100000000000136e+02
4.378226200000000290e+01 -7.946495799999999576e+01 1.539600000000000080e+02
4.378226000000000084e+01 -7.946495500000000334e+01 1.535699999999999932e+02
4.378226000000000084e+01 -7.946494699999999511e+01 1.533400000000000034e+02
4.378225799999999879e+01 -7.946494699999999511e+01 1.530900000000000034e+02
4.378225799999999879e+01 -7.946494199999999353e+01 1.530999999999999943e+02
4.378225700000000131e+01 -7.946493300000000204e+01 1.531699999999999875e+02
4.378225700000000131e+01 -7.946492700000000298e+01 1.532299999999999898e+02
4.378225499999999926e+01 -7.946492200000000139e+01 1.518799999999999955e+02
4.378225299999999720e+01 -7.946491699999999980e+01 1.527100000000000080e+02
4.378225299999999720e+01 -7.946491000000000327e+01 1.525999999999999943e+02
4.378225199999999973e+01 -7.946490300000000673e+01 1.527199999999999989e+02
4.378224999999999767e+01 -7.946489800000000514e+01 1.530500000000000114e+02
4.378224800000000272e+01 -7.946488800000000197e+01 1.530699999999999932e+02
4.378224999999999767e+01 -7.946488700000000449e+01 1.550300000000000011e+02
4.378224800000000272e+01 -7.946487999999999374e+01 1.545800000000000125e+02
4.378224699999999814e+01 -7.946487299999999721e+01 1.546100000000000136e+02
4.378224300000000113e+01 -7.946486199999999656e+01 1.538300000000000125e+02
4.378224199999999655e+01 -7.946485699999999497e+01 1.536800000000000068e+02
4.378224000000000160e+01 -7.946485500000000002e+01 1.536500000000000057e+02
4.378224000000000160e+01 -7.946484999999999843e+01 1.536800000000000068e+02
4.378223799999999954e+01 -7.946484300000000189e+01 1.537800000000000011e+02
4.378223700000000207e+01 -7.946483999999999526e+01 1.538899999999999864e+02
4.378223500000000001e+01 -7.946483700000000283e+01 1.539499999999999886e+02
4.378223500000000001e+01 -7.946483200000000124e+01 1.545999999999999943e+02
4.378223200000000048e+01 -7.946482299999999555e+01 1.540099999999999909e+02
4.378222699999999890e+01 -7.946481300000000658e+01 1.537400000000000091e+02
4.378222300000000189e+01 -7.946480699999999331e+01 1.538899999999999864e+02
4.378222199999999731e+01 -7.946480499999999836e+01 1.528199999999999932e+02
4.378222000000000236e+01 -7.946479800000000182e+01 1.530300000000000011e+02
4.378221700000000283e+01 -7.946479200000000276e+01 1.530099999999999909e+02
4.378221299999999871e+01 -7.946478700000000117e+01 1.540099999999999909e+02
4.378221200000000124e+01 -7.946478199999999958e+01 1.532700000000000102e+02
4.378220999999999918e+01 -7.946478000000000463e+01 1.530500000000000114e+02
4.378220799999999713e+01 -7.946477699999999800e+01 1.531800000000000068e+02
4.378220499999999760e+01 -7.946477299999999389e+01 1.526500000000000057e+02
4.378220699999999965e+01 -7.946477299999999389e+01 1.529799999999999898e+02
4.378220499999999760e+01 -7.946477299999999389e+01 1.524900000000000091e+02
4.378220300000000265e+01 -7.946477000000000146e+01 1.527599999999999909e+02
4.378220000000000312e+01 -7.946476699999999482e+01 1.519699999999999989e+02
4.378219800000000106e+01 -7.946476499999999987e+01 1.520800000000000125e+02
4.378219500000000153e+01 -7.946476199999999324e+01 1.521299999999999955e+02
4.378219200000000200e+01 -7.946475800000000334e+01 1.522700000000000102e+02
4.378218499999999835e+01 -7.946475200000000427e+01 1.524000000000000057e+02
4.378218499999999835e+01 -7.946475200000000427e+01 1.522800000000000011e+02
4.378218199999999882e+01 -7.946474800000000016e+01 1.523000000000000114e+02
4.378217699999999724e+01 -7.946474299999999857e+01 1.523600000000000136e+02
4.378217699999999724e+01 -7.946474200000000110e+01 1.522199999999999989e+02
4.378217200000000275e+01 -7.946473799999999699e+01 1.521699999999999875e+02
4.378217000000000070e+01 -7.946473500000000456e+01 1.519000000000000057e+02
4.378216700000000117e+01 -7.946473299999999540e+01 1.520399999999999920e+02
4.378216299999999706e+01 -7.946472699999999634e+01 1.533899999999999864e+02
4.378215999999999752e+01 -7.946472500000000139e+01 1.530800000000000125e+02
4.378215800000000257e+01 -7.946472300000000644e+01 1.530699999999999932e+02
4.378215800000000257e+01 -7.946472300000000644e+01 1.528799999999999955e+02
4.378215500000000304e+01 -7.946472199999999475e+01 1.525900000000000034e+02
4.378215200000000351e+01 -7.946471999999999980e+01 1.525600000000000023e+02
4.378214799999999940e+01 -7.946471699999999316e+01 1.525200000000000102e+02
4.378214299999999781e+01 -7.946471300000000326e+01 1.525300000000000011e+02
4.378213999999999828e+01 -7.946470999999999663e+01 1.526100000000000136e+02
4.378213699999999875e+01 -7.946470700000000420e+01 1.527299999999999898e+02
4.378213300000000174e+01 -7.946470300000000009e+01 1.525300000000000011e+02
4.378213000000000221e+01 -7.946470200000000261e+01 1.525999999999999943e+02
4.378212800000000016e+01 -7.946469999999999345e+01 1.525300000000000011e+02
4.378212500000000063e+01 -7.946469700000000103e+01 1.525600000000000023e+02
4.378212200000000109e+01 -7.946469299999999691e+01 1.526800000000000068e+02
4.378211799999999698e+01 -7.946469199999999944e+01 1.524900000000000091e+02
4.378211699999999951e+01 -7.946469000000000449e+01 1.524799999999999898e+02
4.378211199999999792e+01 -7.946468699999999785e+01 1.526299999999999955e+02
4.378210800000000091e+01 -7.946468299999999374e+01 1.527599999999999909e+02
4.378210500000000138e+01 -7.946468000000000131e+01 1.525300000000000011e+02
4.378209999999999980e+01 -7.946467699999999468e+01 1.523300000000000125e+02
4.378209700000000026e+01 -7.946467499999999973e+01 1.523000000000000114e+02
4.378209300000000326e+01 -7.946467199999999309e+01 1.524900000000000091e+02
4.378208800000000167e+01 -7.946466999999999814e+01 1.525800000000000125e+02
4.378208500000000214e+01 -7.946466800000000319e+01 1.526200000000000045e+02
4.378208500000000214e+01 -7.946466999999999814e+01 1.549199999999999875e+02
4.378208000000000055e+01 -7.946466800000000319e+01 1.538199999999999932e+02
4.378207499999999897e+01 -7.946466499999999655e+01 1.527400000000000091e+02
4.378207299999999691e+01 -7.946466700000000571e+01 1.538400000000000034e+02
4.378206999999999738e+01 -7.946466700000000571e+01 1.547899999999999920e+02
4.378206300000000084e+01 -7.946466700000000571e+01 1.549900000000000091e+02
4.378206000000000131e+01 -7.946466700000000571e+01 1.550000000000000000e+02
4.378205499999999972e+01 -7.946466499999999655e+01 1.550699999999999932e+02
4.378205200000000019e+01 -7.946466499999999655e+01 1.553400000000000034e+02
4.378204699999999860e+01 -7.946466499999999655e+01 1.553000000000000114e+02
4.378204300000000160e+01 -7.946466499999999655e+01 1.554099999999999966e+02
4.378204000000000207e+01 -7.946466499999999655e+01 1.554399999999999977e+02
4.378203200000000095e+01 -7.946466499999999655e+01 1.560399999999999920e+02
4.378202699999999936e+01 -7.946466499999999655e+01 1.554900000000000091e+02
4.378202300000000236e+01 -7.946466499999999655e+01 1.555600000000000023e+02
4.378202300000000236e+01 -7.946466499999999655e+01 1.550000000000000000e+02
4.378202000000000282e+01 -7.946466499999999655e+01 1.546699999999999875e+02
4.378201200000000171e+01 -7.946466499999999655e+01 1.556200000000000045e+02
4.378200999999999965e+01 -7.946466499999999655e+01 1.554499999999999886e+02
4.378200799999999759e+01 -7.946466700000000571e+01 1.557800000000000011e+02
4.378200499999999806e+01 -7.946466499999999655e+01 1.552400000000000091e+02
4.378199800000000153e+01 -7.946466700000000571e+01 1.556800000000000068e+02
4.378198799999999835e+01 -7.946466499999999655e+01 1.539000000000000057e+02
4.378198700000000088e+01 -7.946466499999999655e+01 1.538600000000000136e+02
4.378197699999999770e+01 -7.946466499999999655e+01 1.542299999999999898e+02
4.378197300000000070e+01 -7.946466499999999655e+01 1.542800000000000011e+02
4.378197200000000322e+01 -7.946466499999999655e+01 1.541100000000000136e+02
4.378195800000000304e+01 -7.946466499999999655e+01 1.549000000000000057e+02
4.378195300000000145e+01 -7.946466499999999655e+01 1.550500000000000114e+02
4.378194799999999987e+01 -7.946466499999999655e+01 1.549399999999999977e+02
4.378194799999999987e+01 -7.946467199999999309e+01 1.576599999999999966e+02
4.378194299999999828e+01 -7.946466999999999814e+01 1.555099999999999909e+02
4.378193699999999922e+01 -7.946466800000000319e+01 1.538700000000000045e+02
4.378193300000000221e+01 -7.946467199999999309e+01 1.548799999999999955e+02
4.378193000000000268e+01 -7.946466999999999814e+01 1.533899999999999864e+02
4.378192800000000062e+01 -7.946467300000000478e+01 1.538600000000000136e+02
4.378192700000000315e+01 -7.946467499999999973e+01 1.537800000000000011e+02
4.378192200000000156e+01 -7.946467499999999973e+01 1.536399999999999864e+02
4.378191799999999745e+01 -7.946467300000000478e+01 1.531399999999999864e+02
4.378191799999999745e+01 -7.946467800000000636e+01 1.541299999999999955e+02
4.378191000000000344e+01 -7.946468000000000131e+01 1.543600000000000136e+02
4.378190800000000138e+01 -7.946468199999999626e+01 1.543300000000000125e+02
4.378190299999999979e+01 -7.946468299999999374e+01 1.544000000000000057e+02
4.378190299999999979e+01 -7.946468699999999785e+01 1.548899999999999864e+02
4.378189799999999821e+01 -7.946469299999999691e+01 1.571100000000000136e+02
4.378189499999999867e+01 -7.946469299999999691e+01 1.566399999999999864e+02
4.378189199999999914e+01 -7.946469500000000608e+01 1.566599999999999966e+02
4.378188999999999709e+01 -7.946469700000000103e+01 1.568300000000000125e+02
4.378188200000000307e+01 -7.946469700000000103e+01 1.555600000000000023e+02
4.378187799999999896e+01 -7.946469799999999850e+01 1.550099999999999909e+02
4.378187700000000149e+01 -7.946469799999999850e+01 1.545699999999999932e+02
4.378187299999999738e+01 -7.946470200000000261e+01 1.551299999999999955e+02
4.378187199999999990e+01 -7.946470300000000009e+01 1.551299999999999955e+02
4.378186500000000336e+01 -7.946470700000000420e+01 1.551299999999999955e+02
4.378186500000000336e+01 -7.946470700000000420e+01 1.552700000000000102e+02
4.378186199999999673e+01 -7.946470800000000168e+01 1.549600000000000080e+02
4.378185500000000019e+01 -7.946471499999999821e+01 1.549900000000000091e+02
4.378184699999999907e+01 -7.946472300000000644e+01 1.550000000000000000e+02
4.378184499999999701e+01 -7.946472500000000139e+01 1.552500000000000000e+02
4.378184000000000253e+01 -7.946473000000000297e+01 1.550200000000000102e+02
4.378184199999999748e+01 -7.946472799999999381e+01 1.550800000000000125e+02
4.378184000000000253e+01 -7.946473000000000297e+01 1.550000000000000000e+02
4.378183800000000048e+01 -7.946473500000000456e+01 1.549099999999999966e+02
4.378183299999999889e+01 -7.946473799999999699e+01 1.548700000000000045e+02
4.378183200000000141e+01 -7.946474200000000110e+01 1.552100000000000080e+02
4.378182999999999936e+01 -7.946474499999999352e+01 1.553400000000000034e+02
4.378182699999999983e+01 -7.946474800000000016e+01 1.555099999999999909e+02
4.378182300000000282e+01 -7.946475200000000427e+01 1.555099999999999909e+02
4.378182300000000282e+01 -7.946475300000000175e+01 1.556299999999999955e+02
4.378182000000000329e+01 -7.946475700000000586e+01 1.555900000000000034e+02
4.378181699999999665e+01 -7.946475999999999829e+01 1.559300000000000068e+02
4.378181299999999965e+01 -7.946476699999999482e+01 1.554600000000000080e+02
4.378181000000000012e+01 -7.946477000000000146e+01 1.553799999999999955e+02
4.378180799999999806e+01 -7.946477500000000305e+01 1.555500000000000114e+02
4.378180700000000058e+01 -7.946477799999999547e+01 1.555800000000000125e+02
4.378180499999999853e+01 -7.946478000000000463e+01 1.559300000000000068e+02
4.378180199999999900e+01 -7.946478700000000117e+01 1.558700000000000045e+02
4.378179999999999694e+01 -7.946478999999999360e+01 1.558499999999999943e+02
4.378179800000000199e+01 -7.946479499999999518e+01 1.557599999999999909e+02
4.378179500000000246e+01 -7.946479800000000182e+01 1.559000000000000057e+02
4.378179300000000040e+01 -7.946480200000000593e+01 1.561699999999999875e+02
4.378178799999999882e+01 -7.946480800000000499e+01 1.561999999999999886e+02
4.378178700000000134e+01 -7.946481199999999490e+01 1.562100000000000080e+02
4.378178499999999929e+01 -7.946481500000000153e+01 1.562299999999999898e+02
4.378177999999999770e+01 -7.946482000000000312e+01 1.563899999999999864e+02
4.378177800000000275e+01 -7.946482299999999555e+01 1.563799999999999955e+02
4.378177699999999817e+01 -7.946482699999999966e+01 1.563899999999999864e+02
4.378177500000000322e+01 -7.946483000000000629e+01 1.562700000000000102e+02
4.378176700000000210e+01 -7.946483800000000031e+01 1.563799999999999955e+02
4.378176500000000004e+01 -7.946484200000000442e+01 1.565099999999999909e+02
4.378176799999999957e+01 -7.946484300000000189e+01 1.564099999999999966e+02
4.378176500000000004e+01 -7.946484800000000348e+01 1.563300000000000125e+02
4.378175699999999892e+01 -7.946485500000000002e+01 1.557700000000000102e+02
4.378174800000000033e+01 -7.946486699999999814e+01 1.555399999999999920e+02
4.378174700000000286e+01 -7.946487000000000478e+01 1.555200000000000102e+02
4.378174500000000080e+01 -7.946487299999999721e+01 1.557599999999999909e+02
4.378174299999999874e+01 -7.946487700000000132e+01 1.565600000000000023e+02
4.378174200000000127e+01 -7.946488200000000290e+01 1.566500000000000057e+02
4.378173799999999716e+01 -7.946488700000000449e+01 1.566599999999999966e+02
4.378173499999999763e+01 -7.946488800000000197e+01 1.552599999999999909e+02
4.378173199999999810e+01 -7.946489200000000608e+01 1.550800000000000125e+02
4.378172299999999950e+01 -7.946490000000000009e+01 1.545399999999999920e+02
4.378173000000000314e+01 -7.946491299999999569e+01 1.575200000000000102e+02
4.378172500000000156e+01 -7.946491299999999569e+01 1.557400000000000091e+02
4.378172299999999950e+01 -7.946491699999999980e+01 1.553499999999999943e+02
4.378172200000000203e+01 -7.946492800000000045e+01 1.569199999999999875e+02
4.378171799999999791e+01 -7.946493200000000456e+01 1.557299999999999898e+02
4.378171700000000044e+01 -7.946493499999999699e+01 1.555399999999999920e+02
4.378171499999999838e+01 -7.946493999999999858e+01 1.556100000000000136e+02
4.378171700000000044e+01 -7.946494800000000680e+01 1.573499999999999943e+02
4.378171700000000044e+01 -7.946495299999999418e+01 1.577199999999999989e+02
4.378171300000000343e+01 -7.946495799999999576e+01 1.567299999999999898e+02
4.378171199999999885e+01 -7.946496799999999894e+01 1.558899999999999864e+02
4.378170999999999680e+01 -7.946496999999999389e+01 1.564900000000000091e+02
4.378170999999999680e+01 -7.946497800000000211e+01 1.565800000000000125e+02
4.378170999999999680e+01 -7.946497999999999706e+01 1.565600000000000023e+02
4.378170800000000185e+01 -7.946499000000000024e+01 1.562800000000000011e+02
4.378170699999999727e+01 -7.946499300000000687e+01 1.555399999999999920e+02
4.378170699999999727e+01 -7.946500000000000341e+01 1.556599999999999966e+02
4.378170500000000231e+01 -7.946500699999999995e+01 1.555099999999999909e+02
4.378170699999999727e+01 -7.946501200000000154e+01 1.552599999999999909e+02
4.378170699999999727e+01 -7.946501700000000312e+01 1.555999999999999943e+02
4.378170800000000185e+01 -7.946502300000000218e+01 1.560900000000000034e+02
4.378170699999999727e+01 -7.946502499999999714e+01 1.552100000000000080e+02
4.378170800000000185e+01 -7.946503300000000536e+01 1.552899999999999920e+02
4.378170699999999727e+01 -7.946503800000000695e+01 1.552299999999999898e+02
4.378170800000000185e+01 -7.946504500000000348e+01 1.555000000000000000e+02
4.378170800000000185e+01 -7.946505500000000666e+01 1.553700000000000045e+02
4.378170800000000185e+01 -7.946506200000000320e+01 1.542100000000000080e+02
4.378170800000000185e+01 -7.946506300000000067e+01 1.553499999999999943e+02
4.378170800000000185e+01 -7.946506800000000226e+01 1.554099999999999966e+02
4.378170800000000185e+01 -7.946507499999999879e+01 1.551599999999999966e+02
4.378170999999999680e+01 -7.946508000000000038e+01 1.553199999999999932e+02
4.378170999999999680e+01 -7.946508699999999692e+01 1.550800000000000125e+02
4.378170999999999680e+01 -7.946509299999999598e+01 1.550099999999999909e+02
4.378170999999999680e+01 -7.946509799999999757e+01 1.546599999999999966e+02
4.378170999999999680e+01 -7.946510200000000168e+01 1.552800000000000011e+02
4.378170999999999680e+01 -7.946510499999999411e+01 1.554000000000000057e+02
4.378171199999999885e+01 -7.946511200000000485e+01 1.553899999999999864e+02
4.378170999999999680e+01 -7.946511300000000233e+01 1.552100000000000080e+02
4.378171199999999885e+01 -7.946511999999999887e+01 1.550200000000000102e+02
4.378171199999999885e+01 -7.946512699999999541e+01 1.547899999999999920e+02
4.378171199999999885e+01 -7.946513199999999699e+01 1.546899999999999977e+02
4.378171199999999885e+01 -7.946514000000000522e+01 1.550099999999999909e+02
4.378171199999999885e+01 -7.946514500000000680e+01 1.548400000000000034e+02
4.378171199999999885e+01 -7.946514999999999418e+01 1.545200000000000102e+02
4.378171199999999885e+01 -7.946515300000000082e+01 1.547800000000000011e+02
4.378171199999999885e+01 -7.946515800000000240e+01 1.548799999999999955e+02
4.378171199999999885e+01 -7.946516300000000399e+01 1.547199999999999989e+02
4.378171300000000343e+01 -7.946516699999999389e+01 1.547299999999999898e+02
4.378171300000000343e+01 -7.946517500000000211e+01 1.545300000000000011e+02
4.378171300000000343e+01 -7.946517799999999454e+01 1.546399999999999864e+02
4.378171300000000343e+01 -7.946518299999999613e+01 1.547299999999999898e+02
4.378171300000000343e+01 -7.946518799999999771e+01 1.550600000000000023e+02
4.378171300000000343e+01 -7.946519700000000341e+01 1.549699999999999989e+02
4.378171300000000343e+01 -7.946519800000000089e+01 1.550000000000000000e+02
4.378171300000000343e+01 -7.946520700000000659e+01 1.545500000000000114e+02
4.378171300000000343e+01 -7.946520999999999901e+01 1.545399999999999920e+02
4.378171300000000343e+01 -7.946521699999999555e+01 1.545399999999999920e+02
4.378171499999999838e+01 -7.946522199999999714e+01 1.545200000000000102e+02
4.378171499999999838e+01 -7.946522500000000377e+01 1.545000000000000000e+02
4.378171499999999838e+01 -7.946523200000000031e+01 1.544000000000000057e+02
4.378171499999999838e+01 -7.946523700000000190e+01 1.545000000000000000e+02
4.378171499999999838e+01 -7.946524200000000349e+01 1.548100000000000023e+02
4.378171499999999838e+01 -7.946524700000000507e+01 1.549300000000000068e+02
4.378171499999999838e+01 -7.946525499999999909e+01 1.550900000000000034e+02
4.378171700000000044e+01 -7.946525800000000572e+01 1.549399999999999977e+02
4.378171700000000044e+01 -7.946526199999999562e+01 1.548600000000000136e+02
4.378171700000000044e+01 -7.946526799999999469e+01 1.549199999999999875e+02
4.378171799999999791e+01 -7.946527799999999786e+01 1.549399999999999977e+02
4.378171799999999791e+01 -7.946528700000000356e+01 1.550300000000000011e+02
4.378171799999999791e+01 -7.946529200000000515e+01 1.549900000000000091e+02
4.378171999999999997e+01 -7.946529499999999757e+01 1.554300000000000068e+02
4.378171999999999997e+01 -7.946529999999999916e+01 1.547100000000000080e+02
4.378172200000000203e+01 -7.946530500000000075e+01 1.545999999999999943e+02
4.378172200000000203e+01 -7.946531000000000233e+01 1.544000000000000057e+02
4.378172299999999950e+01 -7.946531699999999887e+01 1.538700000000000045e+02
4.378172299999999950e+01 -7.946532000000000551e+01 1.537199999999999989e+02
4.378172500000000156e+01 -7.946532500000000709e+01 1.537800000000000011e+02
4.378172699999999651e+01 -7.946532999999999447e+01 1.534199999999999875e+02
4.378172699999999651e+01 -7.946533300000000111e+01 1.534900000000000091e+02
4.378172800000000109e+01 -7.946533800000000269e+01 1.535399999999999920e+02
4.378173300000000268e+01 -7.946534699999999418e+01 1.545099999999999909e+02
4.378173499999999763e+01 -7.946535000000000082e+01 1.545900000000000034e+02
4.378173499999999763e+01 -7.946535299999999324e+01 1.544699999999999989e+02
4.378173999999999921e+01 -7.946536199999999894e+01 1.555900000000000034e+02
4.378174200000000127e+01 -7.946536700000000053e+01 1.557599999999999909e+02
4.378174500000000080e+01 -7.946537200000000212e+01 1.553300000000000125e+02
4.378174500000000080e+01 -7.946537299999999959e+01 1.552700000000000102e+02
4.378175199999999734e+01 -7.946538300000000277e+01 1.558700000000000045e+02
4.378175199999999734e+01 -7.946538300000000277e+01 1.557299999999999898e+02
4.378175499999999687e+01 -7.946538999999999930e+01 1.556800000000000068e+02
4.378175999999999846e+01 -7.946539500000000089e+01 1.557199999999999989e+02
4.378176299999999799e+01 -7.946540199999999743e+01 1.557599999999999909e+02
4.378176700000000210e+01 -7.946540799999999649e+01 1.554300000000000068e+02
4.378177000000000163e+01 -7.946541299999999808e+01 1.555900000000000034e+02
4.378177300000000116e+01 -7.946541700000000219e+01 1.554699999999999989e+02
4.378177500000000322e+01 -7.946541999999999462e+01 1.557199999999999989e+02
4.378177699999999817e+01 -7.946542300000000125e+01 1.557899999999999920e+02
4.378177999999999770e+01 -7.946542700000000536e+01 1.559900000000000091e+02
4.378178199999999975e+01 -7.946542999999999779e+01 1.560999999999999943e+02
4.378178299999999723e+01 -7.946543300000000443e+01 1.561699999999999875e+02
4.378178700000000134e+01 -7.946543800000000601e+01 1.562400000000000091e+02
4.378178799999999882e+01 -7.946544199999999591e+01 1.561399999999999864e+02
4.378179300000000040e+01 -7.946544799999999498e+01 1.560399999999999920e+02
4.378179699999999741e+01 -7.946545299999999656e+01 1.559099999999999966e+02
4.378179999999999694e+01 -7.946545799999999815e+01 1.558899999999999864e+02
4.378180499999999853e+01 -7.946546499999999469e+01 1.558899999999999864e+02
4.378180700000000058e+01 -7.946546999999999628e+01 1.558000000000000114e+02
4.378181000000000012e+01 -7.946547300000000291e+01 1.556899999999999977e+02
4.378181299999999965e+01 -7.946547800000000450e+01 1.557199999999999989e+02
4.378181500000000170e+01 -7.946547999999999945e+01 1.556599999999999966e+02
4.378181699999999665e+01 -7.946548500000000104e+01 1.556299999999999955e+02
4.378182000000000329e+01 -7.946548699999999599e+01 1.556899999999999977e+02
4.378182300000000282e+01 -7.946549199999999757e+01 1.556500000000000057e+02
4.378182499999999777e+01 -7.946549699999999916e+01 1.556899999999999977e+02
4.378182699999999983e+01 -7.946549799999999664e+01 1.557899999999999920e+02
4.378182999999999936e+01 -7.946550299999999822e+01 1.558199999999999932e+02
4.378183200000000141e+01 -7.946550700000000234e+01 1.558300000000000125e+02
4.378183800000000048e+01 -7.946551499999999635e+01 1.560699999999999932e+02
4.378184199999999748e+01 -7.946551999999999794e+01 1.562199999999999989e+02
4.378184499999999701e+01 -7.946552699999999447e+01 1.563899999999999864e+02
4.378184799999999655e+01 -7.946553199999999606e+01 1.563300000000000125e+02
4.378185200000000066e+01 -7.946553699999999765e+01 1.561999999999999886e+02
4.378185500000000019e+01 -7.946554199999999923e+01 1.562500000000000000e+02
4.378185700000000224e+01 -7.946554500000000587e+01 1.562899999999999920e+02
4.378186000000000178e+01 -7.946554999999999325e+01 1.562500000000000000e+02
4.378186300000000131e+01 -7.946555499999999483e+01 1.563600000000000136e+02
4.378186800000000289e+01 -7.946556200000000558e+01 1.564399999999999977e+02
4.378186999999999784e+01 -7.946556499999999801e+01 1.564499999999999886e+02
4.378187299999999738e+01 -7.946556800000000464e+01 1.565000000000000000e+02
4.378187499999999943e+01 -7.946557300000000623e+01 1.565999999999999943e+02
4.378188300000000055e+01 -7.946558199999999772e+01 1.565000000000000000e+02
4.378188800000000214e+01 -7.946559000000000594e+01 1.564399999999999977e+02
4.378189199999999914e+01 -7.946559700000000248e+01 1.564499999999999886e+02
4.378189299999999662e+01 -7.946559999999999491e+01 1.565000000000000000e+02
4.378189700000000073e+01 -7.946560499999999649e+01 1.565500000000000114e+02
4.378190000000000026e+01 -7.946560800000000313e+01 1.564900000000000091e+02
4.378190200000000232e+01 -7.946561199999999303e+01 1.564600000000000080e+02
4.378190800000000138e+01 -7.946562299999999368e+01 1.564799999999999898e+02
4.378191000000000344e+01 -7.946562799999999527e+01 1.564799999999999898e+02
4.378191300000000297e+01 -7.946563199999999938e+01 1.565000000000000000e+02
4.378191799999999745e+01 -7.946563799999999844e+01 1.565600000000000023e+02
4.378191999999999950e+01 -7.946564300000000003e+01 1.565600000000000023e+02
4.378192299999999904e+01 -7.946564700000000414e+01 1.564399999999999977e+02
4.378192500000000109e+01 -7.946565200000000573e+01 1.564000000000000057e+02
4.378193000000000268e+01 -7.946565800000000479e+01 1.562800000000000011e+02
4.378193000000000268e+01 -7.946565999999999974e+01 1.563199999999999932e+02
4.378193300000000221e+01 -7.946566500000000133e+01 1.562100000000000080e+02
4.378193499999999716e+01 -7.946566799999999375e+01 1.561999999999999886e+02
4.378193799999999669e+01 -7.946567199999999787e+01 1.562299999999999898e+02
4.378193799999999669e+01 -7.946567299999999534e+01 1.561800000000000068e+02
4.378194299999999828e+01 -7.946568200000000104e+01 1.561699999999999875e+02
4.378194700000000239e+01 -7.946568499999999347e+01 1.561899999999999977e+02
4.378195000000000192e+01 -7.946568999999999505e+01 1.562100000000000080e+02
4.378195199999999687e+01 -7.946569499999999664e+01 1.561299999999999955e+02
4.378195699999999846e+01 -7.946569999999999823e+01 1.560500000000000114e+02
4.378195800000000304e+01 -7.946570300000000486e+01 1.560500000000000114e+02
4.378196200000000005e+01 -7.946570800000000645e+01 1.560699999999999932e+02
4.378196299999999752e+01 -7.946571299999999383e+01 1.560300000000000011e+02
4.378196700000000163e+01 -7.946571799999999541e+01 1.560699999999999932e+02
4.378197000000000116e+01 -7.946572199999999953e+01 1.560800000000000125e+02
4.378197300000000070e+01 -7.946572799999999859e+01 1.559900000000000091e+02
4.378197699999999770e+01 -7.946573300000000017e+01 1.560399999999999920e+02
4.378197800000000228e+01 -7.946573499999999513e+01 1.560500000000000114e+02
4.378198199999999929e+01 -7.946573999999999671e+01 1.559799999999999898e+02
4.378198499999999882e+01 -7.946574300000000335e+01 1.559699999999999989e+02
4.378198700000000088e+01 -7.946574800000000494e+01 1.560000000000000000e+02
4.378199000000000041e+01 -7.946575199999999484e+01 1.560500000000000114e+02
4.378199299999999994e+01 -7.946575500000000147e+01 1.560900000000000034e+02
4.378199500000000199e+01 -7.946576000000000306e+01 1.561200000000000045e+02
4.378199800000000153e+01 -7.946576199999999801e+01 1.566899999999999977e+02
4.378200499999999806e+01 -7.946577000000000623e+01 1.563199999999999932e+02
4.378200700000000012e+01 -7.946577299999999866e+01 1.563400000000000034e+02
4.378200700000000012e+01 -7.946577299999999866e+01 1.538300000000000125e+02
4.378200999999999965e+01 -7.946577700000000277e+01 1.542599999999999909e+02
4.378201700000000329e+01 -7.946578300000000183e+01 1.545000000000000000e+02
4.378202000000000282e+01 -7.946578499999999678e+01 1.545099999999999909e+02
4.378202300000000236e+01 -7.946578800000000342e+01 1.546100000000000136e+02
4.378202699999999936e+01 -7.946579300000000501e+01 1.542800000000000011e+02
4.378203200000000095e+01 -7.946579699999999491e+01 1.543300000000000125e+02
4.378203700000000254e+01 -7.946580199999999650e+01 1.557800000000000011e+02
4.378203700000000254e+01 -7.946580000000000155e+01 1.545000000000000000e+02
4.378204000000000207e+01 -7.946580199999999650e+01 1.545399999999999920e+02
4.378204199999999702e+01 -7.946580199999999650e+01 1.546399999999999864e+02
4.378204699999999860e+01 -7.946580299999999397e+01 1.548300000000000125e+02
4.378205200000000019e+01 -7.946580299999999397e+01 1.550200000000000102e+02
4.378205700000000178e+01 -7.946580500000000313e+01 1.550399999999999920e+02
4.378206200000000337e+01 -7.946580500000000313e+01 1.548899999999999864e+02
4.378206300000000084e+01 -7.946580500000000313e+01 1.549699999999999989e+02
4.378206999999999738e+01 -7.946580799999999556e+01 1.559499999999999886e+02
4.378207700000000102e+01 -7.946580699999999808e+01 1.557400000000000091e+02
4.378208200000000261e+01 -7.946580299999999397e+01 1.555900000000000034e+02
4.378208200000000261e+01 -7.946580000000000155e+01 1.544099999999999966e+02
4.378208999999999662e+01 -7.946580000000000155e+01 1.552800000000000011e+02
4.378209499999999821e+01 -7.946579800000000660e+01 1.552100000000000080e+02
4.378209999999999980e+01 -7.946579699999999491e+01 1.552700000000000102e+02
4.378210200000000185e+01 -7.946579499999999996e+01 1.551200000000000045e+02
4.378210500000000138e+01 -7.946579499999999996e+01 1.551399999999999864e+02
4.378211199999999792e+01 -7.946579300000000501e+01 1.552700000000000102e+02
4.378211499999999745e+01 -7.946579199999999332e+01 1.553300000000000125e+02
4.378211699999999951e+01 -7.946578999999999837e+01 1.550999999999999943e+02
4.378211999999999904e+01 -7.946578800000000342e+01 1.545800000000000125e+02
4.378212299999999857e+01 -7.946578700000000595e+01 1.545800000000000125e+02
4.378213000000000221e+01 -7.946578999999999837e+01 1.565500000000000114e+02
4.378213199999999716e+01 -7.946579199999999332e+01 1.569900000000000091e+02
4.378213999999999828e+01 -7.946578800000000342e+01 1.571599999999999966e+02
4.378214499999999987e+01 -7.946578499999999678e+01 1.567199999999999989e+02
4.378214700000000192e+01 -7.946577700000000277e+01 1.552500000000000000e+02
4.378214799999999940e+01 -7.946577499999999361e+01 1.552400000000000091e+02
4.378215300000000099e+01 -7.946577299999999866e+01 1.561399999999999864e+02
4.378215699999999799e+01 -7.946577000000000623e+01 1.564699999999999989e+02
4.378215800000000257e+01 -7.946576699999999960e+01 1.569300000000000068e+02
4.378216199999999958e+01 -7.946576799999999707e+01 1.577599999999999909e+02
4.378216199999999958e+01 -7.946576799999999707e+01 1.577400000000000091e+02
4.378215999999999752e+01 -7.946576699999999960e+01 1.574199999999999875e+02
