4.378217699999999724e+01 -7.946579800000000660e+01 1.452500000000000000e+02
4.378217699999999724e+01 -7.946580000000000155e+01 1.461299999999999955e+02
4.378217699999999724e+01 -7.946579300000000501e+01 1.462400000000000091e+02
4.378217800000000182e+01 -7.946578499999999678e+01 1.462299999999999898e+02
4.378217999999999677e+01 -7.946577700000000277e+01 1.463700000000000045e+02
4.378217999999999677e+01 -7.946577000000000623e+01 1.463100000000000023e+02
4.378217999999999677e+01 -7.946576500000000465e+01 1.462700000000000102e+02
4.378218199999999882e+01 -7.946575799999999390e+01 1.463499999999999943e+02
4.378218199999999882e+01 -7.946574800000000494e+01 1.463199999999999932e+02
4.378218300000000340e+01 -7.946574200000000587e+01 1.465500000000000114e+02
4.378218300000000340e+01 -7.946574200000000587e+01 1.465399999999999920e+02
4.378218300000000340e+01 -7.946573499999999513e+01 1.465399999999999920e+02
4.378218499999999835e+01 -7.946573200000000270e+01 1.464300000000000068e+02
4.378218499999999835e+01 -7.946572700000000111e+01 1.464099999999999966e+02
4.378218700000000041e+01 -7.946572299999999700e+01 1.464199999999999875e+02
4.378218700000000041e+01 -7.946572000000000457e+01 1.464399999999999977e+02
4.378218700000000041e+01 -7.946571299999999383e+01 1.465600000000000023e+02
4.378218700000000041e+01 -7.946571199999999635e+01 1.465600000000000023e+02
4.378218799999999788e+01 -7.946570699999999476e+01 1.465600000000000023e+02
4.378218799999999788e+01 -7.946569999999999823e+01 1.464499999999999886e+02
4.378218999999999994e+01 -7.946569300000000169e+01 1.463799999999999955e+02
4.378219200000000200e+01 -7.946568999999999505e+01 1.464799999999999898e+02
4.378219200000000200e+01 -7.946568700000000263e+01 1.465500000000000114e+02
4.378219299999999947e+01 -7.946567799999999693e+01 1.465800000000000125e+02
4.378219500000000153e+01 -7.946567000000000291e+01 1.465399999999999920e+02
4.378219500000000153e+01 -7.946566500000000133e+01 1.465099999999999909e+02
4.378219699999999648e+01 -7.946565999999999974e+01 1.464600000000000080e+02
4.378219699999999648e+01 -7.946565499999999815e+01 1.464300000000000068e+02
4.378219800000000106e+01 -7.946565200000000573e+01 1.464199999999999875e+02
4.378219800000000106e+01 -7.946564700000000414e+01 1.463300000000000125e+02
4.378220000000000312e+01 -7.946563999999999339e+01 1.463199999999999932e+02
4.378220000000000312e+01 -7.946563999999999339e+01 1.463400000000000034e+02
4.378220199999999807e+01 -7.946563299999999685e+01 1.462700000000000102e+02
4.378220199999999807e+01 -7.946562699999999779e+01 1.464199999999999875e+02
4.378220300000000265e+01 -7.946562299999999368e+01 1.463700000000000045e+02
4.378220300000000265e+01 -7.946561800000000630e+01 1.464900000000000091e+02
4.378220000000000312e+01 -7.946561199999999303e+01 1.452100000000000080e+02
4.378220199999999807e+01 -7.946560700000000566e+01 1.451599999999999966e+02
4.378220199999999807e+01 -7.946560200000000407e+01 1.452199999999999989e+02
4.378220300000000265e+01 -7.946559799999999996e+01 1.452599999999999909e+02
4.378220300000000265e+01 -7.946559200000000089e+01 1.452400000000000091e+02
4.378220499999999760e+01 -7.946558500000000436e+01 1.452899999999999920e+02
4.378220499999999760e+01 -7.946558000000000277e+01 1.452599999999999909e+02
4.378220499999999760e+01 -7.946557699999999613e+01 1.452500000000000000e+02
4.378220699999999965e+01 -7.946557500000000118e+01 1.451899999999999977e+02
4.378220699999999965e+01 -7.946556999999999960e+01 1.452599999999999909e+02
4.378220799999999713e+01 -7.946556499999999801e+01 1.452199999999999989e+02
4.378220999999999918e+01 -7.946555800000000147e+01 1.451800000000000068e+02
4.378220999999999918e+01 -7.946555299999999988e+01 1.451599999999999966e+02
4.378221200000000124e+01 -7.946554999999999325e+01 1.451999999999999886e+02
4.378221200000000124e+01 -7.946554299999999671e+01 1.451899999999999977e+02
4.378221299999999871e+01 -7.946553799999999512e+01 1.452599999999999909e+02
4.378221299999999871e+01 -7.946553299999999354e+01 1.452199999999999989e+02
4.378221299999999871e+01 -7.946553299999999354e+01 1.458100000000000023e+02
4.378221299999999871e+01 -7.946553000000000111e+01 1.458100000000000023e+02
4.378221500000000077e+01 -7.946552499999999952e+01 1.458499999999999943e+02
4.378221500000000077e+01 -7.946551800000000298e+01 1.457899999999999920e+02
4.378221700000000283e+01 -7.946551700000000551e+01 1.458700000000000045e+02
4.378221700000000283e+01 -7.946551200000000392e+01 1.458400000000000034e+02
4.378221800000000030e+01 -7.946550700000000234e+01 1.457299999999999898e+02
4.378221800000000030e+01 -7.946550499999999317e+01 1.456699999999999875e+02
4.378222000000000236e+01 -7.946550200000000075e+01 1.456100000000000136e+02
4.378222000000000236e+01 -7.946549699999999916e+01 1.454499999999999886e+02
4.378222199999999731e+01 -7.946549299999999505e+01 1.454900000000000091e+02
4.378222199999999731e+01 -7.946548799999999346e+01 1.454900000000000091e+02
4.378222199999999731e+01 -7.946548300000000609e+01 1.456100000000000136e+02
4.378222300000000189e+01 -7.946547999999999945e+01 1.455300000000000011e+02
4.378222300000000189e+01 -7.946547700000000702e+01 1.456299999999999955e+02
4.378222499999999684e+01 -7.946547300000000291e+01 1.455900000000000034e+02
4.378222499999999684e+01 -7.946546999999999628e+01 1.456299999999999955e+02
4.378222499999999684e+01 -7.946546499999999469e+01 1.455900000000000034e+02
4.378222699999999890e+01 -7.946546299999999974e+01 1.454900000000000091e+02
4.378222699999999890e+01 -7.946545999999999310e+01 1.454300000000000068e+02
4.378222699999999890e+01 -7.946545799999999815e+01 1.455200000000000102e+02
4.378222699999999890e+01 -7.946545500000000573e+01 1.455699999999999932e+02
4.378222800000000348e+01 -7.946545199999999909e+01 1.455999999999999943e+02
4.378222800000000348e+01 -7.946544799999999498e+01 1.456299999999999955e+02
4.378222999999999843e+01 -7.946544299999999339e+01 1.456699999999999875e+02
4.378222999999999843e+01 -7.946544199999999591e+01 1.456399999999999864e+02
4.378222999999999843e+01 -7.946543699999999433e+01 1.455399999999999920e+02
4.378223200000000048e+01 -7.946543499999999938e+01 1.455600000000000023e+02
4.378223200000000048e+01 -7.946542999999999779e+01 1.455000000000000000e+02
4.378223299999999796e+01 -7.946542300000000125e+01 1.455000000000000000e+02
4.378223299999999796e+01 -7.946542200000000378e+01 1.455399999999999920e+02
4.378223500000000001e+01 -7.946541499999999303e+01 1.454699999999999989e+02
4.378223500000000001e+01 -7.946541499999999303e+01 1.454300000000000068e+02
4.378223700000000207e+01 -7.946540799999999649e+01 1.453100000000000023e+02
4.378223700000000207e+01 -7.946540699999999902e+01 1.453000000000000114e+02
4.378223700000000207e+01 -7.946540699999999902e+01 1.453199999999999932e+02
4.378223700000000207e+01 -7.946540199999999743e+01 1.452899999999999920e+02
4.378223700000000207e+01 -7.946540000000000248e+01 1.452700000000000102e+02
4.378223500000000001e+01 -7.946540199999999743e+01 1.459099999999999966e+02
4.378223700000000207e+01 -7.946539500000000089e+01 1.459000000000000057e+02
4.378223700000000207e+01 -7.946539500000000089e+01 1.459300000000000068e+02
4.378223700000000207e+01 -7.946539199999999425e+01 1.459000000000000057e+02
4.378223799999999954e+01 -7.946538800000000435e+01 1.458700000000000045e+02
4.378223799999999954e+01 -7.946538499999999772e+01 1.459099999999999966e+02
4.378223799999999954e+01 -7.946538300000000277e+01 1.458600000000000136e+02
4.378224000000000160e+01 -7.946538200000000529e+01 1.458499999999999943e+02
4.378224000000000160e+01 -7.946537999999999613e+01 1.458300000000000125e+02
4.378224000000000160e+01 -7.946537800000000118e+01 1.458000000000000114e+02
4.378224000000000160e+01 -7.946537700000000370e+01 1.458300000000000125e+02
4.378224000000000160e+01 -7.946537499999999454e+01 1.458300000000000125e+02
4.378224199999999655e+01 -7.946537200000000212e+01 1.459300000000000068e+02
4.378224199999999655e+01 -7.946536700000000053e+01 1.459199999999999875e+02
4.378224199999999655e+01 -7.946536500000000558e+01 1.459000000000000057e+02
4.378224300000000113e+01 -7.946536299999999642e+01 1.459199999999999875e+02
4.378224300000000113e+01 -7.946536299999999642e+01 1.459000000000000057e+02
4.378224300000000113e+01 -7.946535799999999483e+01 1.459000000000000057e+02
4.378224300000000113e+01 -7.946535699999999736e+01 1.458899999999999864e+02
4.378224500000000319e+01 -7.946535199999999577e+01 1.458199999999999932e+02
4.378224500000000319e+01 -7.946535000000000082e+01 1.458400000000000034e+02
4.378224500000000319e+01 -7.946534699999999418e+01 1.459000000000000057e+02
4.378224699999999814e+01 -7.946534300000000428e+01 1.458899999999999864e+02
4.378224699999999814e+01 -7.946534200000000681e+01 1.459300000000000068e+02
4.378224699999999814e+01 -7.946533700000000522e+01 1.459900000000000091e+02
4.378224699999999814e+01 -7.946533499999999606e+01 1.460099999999999909e+02
4.378224800000000272e+01 -7.946533499999999606e+01 1.459600000000000080e+02
4.378224800000000272e+01 -7.946533200000000363e+01 1.459399999999999977e+02
4.378224999999999767e+01 -7.946532700000000204e+01 1.459099999999999966e+02
4.378224999999999767e+01 -7.946532700000000204e+01 1.458899999999999864e+02
4.378224999999999767e+01 -7.946532500000000709e+01 1.459699999999999989e+02
4.378224999999999767e+01 -7.946532000000000551e+01 1.459300000000000068e+02
4.378225199999999973e+01 -7.946532000000000551e+01 1.458899999999999864e+02
4.378225199999999973e+01 -7.946531799999999635e+01 1.459099999999999966e+02
4.378225199999999973e+01 -7.946531299999999476e+01 1.458799999999999955e+02
4.378225199999999973e+01 -7.946531199999999728e+01 1.457899999999999920e+02
4.378225199999999973e+01 -7.946531199999999728e+01 1.457800000000000011e+02
4.378225299999999720e+01 -7.946530699999999570e+01 1.459199999999999875e+02
4.378225299999999720e+01 -7.946530699999999570e+01 1.459499999999999886e+02
4.378225299999999720e+01 -7.946530500000000075e+01 1.459199999999999875e+02
4.378225499999999926e+01 -7.946530300000000580e+01 1.459699999999999989e+02
4.378225499999999926e+01 -7.946530199999999411e+01 1.460000000000000000e+02
4.378225499999999926e+01 -7.946529800000000421e+01 1.460399999999999920e+02
4.378225499999999926e+01 -7.946529499999999757e+01 1.460699999999999932e+02
4.378225499999999926e+01 -7.946529300000000262e+01 1.460999999999999943e+02
4.378225700000000131e+01 -7.946529200000000515e+01 1.460399999999999920e+02
4.378225700000000131e+01 -7.946528499999999440e+01 1.461100000000000136e+02
4.378225799999999879e+01 -7.946527799999999786e+01 1.461200000000000045e+02
4.378225799999999879e+01 -7.946527799999999786e+01 1.461200000000000045e+02
4.378225799999999879e+01 -7.946527500000000543e+01 1.460200000000000102e+02
4.378226000000000084e+01 -7.946527000000000385e+01 1.460500000000000114e+02
4.378226000000000084e+01 -7.946526799999999469e+01 1.461500000000000057e+02
4.378226200000000290e+01 -7.946526000000000067e+01 1.461100000000000136e+02
4.378226200000000290e+01 -7.946525800000000572e+01 1.461299999999999955e+02
4.378226300000000037e+01 -7.946525200000000666e+01 1.461599999999999966e+02
4.378226500000000243e+01 -7.946524499999999591e+01 1.460600000000000023e+02
4.378226500000000243e+01 -7.946523799999999937e+01 1.460300000000000011e+02
4.378226699999999738e+01 -7.946523299999999779e+01 1.460000000000000000e+02
4.378226699999999738e+01 -7.946522699999999872e+01 1.459000000000000057e+02
4.378226800000000196e+01 -7.946522199999999714e+01 1.459799999999999898e+02
4.378226800000000196e+01 -7.946521199999999396e+01 1.460000000000000000e+02
4.378226999999999691e+01 -7.946520499999999743e+01 1.459199999999999875e+02
4.378227199999999897e+01 -7.946520200000000500e+01 1.458799999999999955e+02
4.378227199999999897e+01 -7.946519499999999425e+01 1.457599999999999909e+02
4.378227300000000355e+01 -7.946519200000000183e+01 1.457500000000000000e+02
4.378227499999999850e+01 -7.946518299999999613e+01 1.456399999999999864e+02
4.378227499999999850e+01 -7.946517699999999707e+01 1.456800000000000068e+02
4.378227700000000056e+01 -7.946517199999999548e+01 1.457400000000000091e+02
4.378227700000000056e+01 -7.946516499999999894e+01 1.457100000000000080e+02
4.378227700000000056e+01 -7.946515800000000240e+01 1.453899999999999864e+02
4.378227700000000056e+01 -7.946515700000000493e+01 1.454199999999999875e+02
4.378227799999999803e+01 -7.946515200000000334e+01 1.454600000000000080e+02
4.378228000000000009e+01 -7.946514299999999764e+01 1.454399999999999977e+02
4.378228000000000009e+01 -7.946514200000000017e+01 1.454499999999999886e+02
4.378228000000000009e+01 -7.946513799999999605e+01 1.454600000000000080e+02
4.378228200000000214e+01 -7.946513299999999447e+01 1.454399999999999977e+02
4.378228200000000214e+01 -7.946512699999999541e+01 1.453499999999999943e+02
4.378228299999999962e+01 -7.946512199999999382e+01 1.454399999999999977e+02
4.378228299999999962e+01 -7.946511800000000392e+01 1.454099999999999966e+02
4.378228299999999962e+01 -7.946511300000000233e+01 1.454799999999999898e+02
4.378228299999999962e+01 -7.946510800000000074e+01 1.455000000000000000e+02
4.378228500000000167e+01 -7.946510200000000168e+01 1.454499999999999886e+02
4.378228500000000167e+01 -7.946509799999999757e+01 1.454300000000000068e+02
4.378228699999999662e+01 -7.946509299999999598e+01 1.454399999999999977e+02
4.378228699999999662e+01 -7.946509000000000356e+01 1.454000000000000057e+02
4.378228699999999662e+01 -7.946508799999999439e+01 1.454600000000000080e+02
4.378228699999999662e+01 -7.946508500000000197e+01 1.454199999999999875e+02
4.378228699999999662e+01 -7.946507800000000543e+01 1.453400000000000034e+02
4.378228800000000120e+01 -7.946507499999999879e+01 1.452800000000000011e+02
4.378228299999999962e+01 -7.946506800000000226e+01 1.474000000000000057e+02
4.378228299999999962e+01 -7.946506700000000478e+01 1.474399999999999977e+02
4.378228299999999962e+01 -7.946506700000000478e+01 1.474099999999999966e+02
4.378228299999999962e+01 -7.946506300000000067e+01 1.473600000000000136e+02
4.378228500000000167e+01 -7.946505999999999403e+01 1.473600000000000136e+02
4.378228500000000167e+01 -7.946505799999999908e+01 1.473600000000000136e+02
4.378228500000000167e+01 -7.946505700000000161e+01 1.473000000000000114e+02
4.378228500000000167e+01 -7.946505500000000666e+01 1.472899999999999920e+02
4.378228500000000167e+01 -7.946505000000000507e+01 1.473000000000000114e+02
4.378228500000000167e+01 -7.946504699999999843e+01 1.473199999999999932e+02
4.378228299999999962e+01 -7.946504199999999685e+01 1.473300000000000125e+02
4.378228299999999962e+01 -7.946504000000000190e+01 1.473499999999999943e+02
4.378228299999999962e+01 -7.946503500000000031e+01 1.473600000000000136e+02
4.378228299999999962e+01 -7.946502999999999872e+01 1.473899999999999864e+02
4.378228299999999962e+01 -7.946502800000000377e+01 1.473700000000000045e+02
4.378228299999999962e+01 -7.946502499999999714e+01 1.473899999999999864e+02
4.378228299999999962e+01 -7.946501999999999555e+01 1.474099999999999966e+02
4.378228299999999962e+01 -7.946501700000000312e+01 1.473799999999999955e+02
4.378228299999999962e+01 -7.946501499999999396e+01 1.473899999999999864e+02
4.378228299999999962e+01 -7.946500799999999742e+01 1.473700000000000045e+02
4.378228299999999962e+01 -7.946500199999999836e+01 1.473700000000000045e+02
4.378228299999999962e+01 -7.946500000000000341e+01 1.474300000000000068e+02
4.378228299999999962e+01 -7.946499799999999425e+01 1.474099999999999966e+02
4.378228299999999962e+01 -7.946499300000000687e+01 1.474199999999999875e+02
4.378228200000000214e+01 -7.946499000000000024e+01 1.474099999999999966e+02
4.378228200000000214e+01 -7.946497999999999706e+01 1.474699999999999989e+02
4.378228200000000214e+01 -7.946497999999999706e+01 1.474499999999999886e+02
4.378228200000000214e+01 -7.946497800000000211e+01 1.474499999999999886e+02
4.378228000000000009e+01 -7.946497499999999548e+01 1.474799999999999898e+02
4.378228000000000009e+01 -7.946496700000000146e+01 1.475099999999999909e+02
4.378227799999999803e+01 -7.946496000000000492e+01 1.474799999999999898e+02
4.378227700000000056e+01 -7.946495299999999418e+01 1.474799999999999898e+02
4.378227700000000056e+01 -7.946495000000000175e+01 1.475000000000000000e+02
4.378227499999999850e+01 -7.946494300000000521e+01 1.475200000000000102e+02
4.378227300000000355e+01 -7.946493999999999858e+01 1.475399999999999920e+02
4.378227199999999897e+01 -7.946493300000000204e+01 1.475800000000000125e+02
4.378227199999999897e+01 -7.946493200000000456e+01 1.475800000000000125e+02
4.378226999999999691e+01 -7.946492499999999382e+01 1.477100000000000080e+02
4.378226999999999691e+01 -7.946491799999999728e+01 1.477700000000000102e+02
4.378226800000000196e+01 -7.946491699999999980e+01 1.478199999999999932e+02
4.378226800000000196e+01 -7.946491199999999822e+01 1.478499999999999943e+02
4.378226699999999738e+01 -7.946490699999999663e+01 1.478600000000000136e+02
4.378226500000000243e+01 -7.946490199999999504e+01 1.479300000000000068e+02
4.378226500000000243e+01 -7.946489699999999345e+01 1.480000000000000000e+02
4.378226300000000037e+01 -7.946489200000000608e+01 1.480200000000000102e+02
4.378226000000000084e+01 -7.946488200000000290e+01 1.480000000000000000e+02
4.378226000000000084e+01 -7.946487999999999374e+01 1.479699999999999989e+02
4.378226000000000084e+01 -7.946487700000000132e+01 1.479600000000000080e+02
4.378225700000000131e+01 -7.946487000000000478e+01 1.479900000000000091e+02
4.378225700000000131e+01 -7.946486799999999562e+01 1.479399999999999977e+02
4.378225499999999926e+01 -7.946486699999999814e+01 1.476899999999999977e+02
4.378225499999999926e+01 -7.946486699999999814e+01 1.476699999999999875e+02
4.378225299999999720e+01 -7.946486199999999656e+01 1.477400000000000091e+02
4.378225199999999973e+01 -7.946485699999999497e+01 1.477400000000000091e+02
4.378225199999999973e+01 -7.946485300000000507e+01 1.477400000000000091e+02
4.378224800000000272e+01 -7.946483999999999526e+01 1.481599999999999966e+02
4.378224800000000272e+01 -7.946483800000000031e+01 1.481699999999999875e+02
4.378224699999999814e+01 -7.946484300000000189e+01 1.476999999999999886e+02
4.378224500000000319e+01 -7.946484300000000189e+01 1.474300000000000068e+02
4.378224300000000113e+01 -7.946483499999999367e+01 1.476399999999999864e+02
4.378224300000000113e+01 -7.946483200000000124e+01 1.477599999999999909e+02
4.378224000000000160e+01 -7.946482500000000471e+01 1.478499999999999943e+02
4.378224000000000160e+01 -7.946482199999999807e+01 1.479600000000000080e+02
4.378223799999999954e+01 -7.946481199999999490e+01 1.481899999999999977e+02
4.378223700000000207e+01 -7.946481500000000153e+01 1.479799999999999898e+02
4.378223500000000001e+01 -7.946481199999999490e+01 1.479600000000000080e+02
4.378223299999999796e+01 -7.946480999999999995e+01 1.478300000000000125e+02
4.378223200000000048e+01 -7.946480499999999836e+01 1.479000000000000057e+02
4.378222999999999843e+01 -7.946480300000000341e+01 1.478000000000000114e+02
4.378222800000000348e+01 -7.946480200000000593e+01 1.477800000000000011e+02
4.378222699999999890e+01 -7.946478999999999360e+01 1.482199999999999989e+02
4.378222300000000189e+01 -7.946478299999999706e+01 1.483400000000000034e+02
4.378222000000000236e+01 -7.946478000000000463e+01 1.482199999999999989e+02
4.378221700000000283e+01 -7.946477699999999800e+01 1.480099999999999909e+02
4.378221200000000124e+01 -7.946477299999999389e+01 1.479699999999999989e+02
4.378221200000000124e+01 -7.946477299999999389e+01 1.479799999999999898e+02
4.378220799999999713e+01 -7.946477199999999641e+01 1.478899999999999864e+02
4.378220699999999965e+01 -7.946477199999999641e+01 1.478100000000000023e+02
4.378220199999999807e+01 -7.946476699999999482e+01 1.478899999999999864e+02
4.378220000000000312e+01 -7.946476699999999482e+01 1.478400000000000034e+02
4.378219699999999648e+01 -7.946476300000000492e+01 1.477500000000000000e+02
4.378219699999999648e+01 -7.946476300000000492e+01 1.477400000000000091e+02
4.378219299999999947e+01 -7.946476300000000492e+01 1.476899999999999977e+02
4.378219200000000200e+01 -7.946476199999999324e+01 1.476299999999999955e+02
4.378218799999999788e+01 -7.946475800000000334e+01 1.476800000000000068e+02
4.378218499999999835e+01 -7.946475499999999670e+01 1.476599999999999966e+02
4.378218300000000340e+01 -7.946475300000000175e+01 1.476699999999999875e+02
4.378217800000000182e+01 -7.946475200000000427e+01 1.475800000000000125e+02
4.378217500000000229e+01 -7.946474800000000016e+01 1.475699999999999932e+02
4.378217200000000275e+01 -7.946474499999999352e+01 1.475200000000000102e+02
4.378217000000000070e+01 -7.946474499999999352e+01 1.475099999999999909e+02
4.378216499999999911e+01 -7.946474000000000615e+01 1.474099999999999966e+02
4.378216199999999958e+01 -7.946473699999999951e+01 1.473400000000000034e+02
4.378215800000000257e+01 -7.946473500000000456e+01 1.473799999999999955e+02
4.378215500000000304e+01 -7.946473299999999540e+01 1.473199999999999932e+02
4.378215200000000351e+01 -7.946473199999999792e+01 1.472800000000000011e+02
4.378214799999999940e+01 -7.946472799999999381e+01 1.472299999999999898e+02
4.378214499999999987e+01 -7.946472300000000644e+01 1.473100000000000023e+02
4.378214299999999781e+01 -7.946472199999999475e+01 1.471800000000000068e+02
4.378213800000000333e+01 -7.946471999999999980e+01 1.470600000000000023e+02
4.378213699999999875e+01 -7.946471800000000485e+01 1.470900000000000034e+02
4.378213300000000174e+01 -7.946471800000000485e+01 1.471500000000000057e+02
4.378213000000000221e+01 -7.946471499999999821e+01 1.471399999999999864e+02
4.378212700000000268e+01 -7.946471200000000579e+01 1.471200000000000045e+02
4.378212200000000109e+01 -7.946470700000000420e+01 1.470699999999999932e+02
4.378211799999999698e+01 -7.946470499999999504e+01 1.470900000000000034e+02
4.378211499999999745e+01 -7.946470200000000261e+01 1.471500000000000057e+02
4.378210800000000091e+01 -7.946469799999999850e+01 1.471899999999999977e+02
4.378210700000000344e+01 -7.946469500000000608e+01 1.471800000000000068e+02
4.378210299999999933e+01 -7.946469299999999691e+01 1.471599999999999966e+02
4.378209700000000026e+01 -7.946469000000000449e+01 1.470200000000000102e+02
4.378209199999999868e+01 -7.946468799999999533e+01 1.469699999999999989e+02
4.378208699999999709e+01 -7.946468699999999785e+01 1.468199999999999932e+02
4.378208200000000261e+01 -7.946468500000000290e+01 1.470399999999999920e+02
4.378207700000000102e+01 -7.946468699999999785e+01 1.473300000000000125e+02
4.378206999999999738e+01 -7.946468299999999374e+01 1.465500000000000114e+02
4.378206999999999738e+01 -7.946468799999999533e+01 1.489699999999999989e+02
4.378206000000000131e+01 -7.946468299999999374e+01 1.468899999999999864e+02
4.378205499999999972e+01 -7.946468299999999374e+01 1.468300000000000125e+02
4.378204800000000319e+01 -7.946468500000000290e+01 1.470500000000000114e+02
4.378204300000000160e+01 -7.946468500000000290e+01 1.470699999999999932e+02
4.378203800000000001e+01 -7.946468699999999785e+01 1.482299999999999898e+02
4.378203700000000254e+01 -7.946468799999999533e+01 1.490200000000000102e+02
4.378203800000000001e+01 -7.946469299999999691e+01 1.515999999999999943e+02
4.378202499999999731e+01 -7.946468699999999785e+01 1.483400000000000034e+02
4.378201800000000077e+01 -7.946468699999999785e+01 1.481299999999999955e+02
4.378200999999999965e+01 -7.946468500000000290e+01 1.470000000000000000e+02
4.378200499999999806e+01 -7.946468500000000290e+01 1.469499999999999886e+02
4.378199999999999648e+01 -7.946468699999999785e+01 1.470399999999999920e+02
4.378199000000000041e+01 -7.946468799999999533e+01 1.506899999999999977e+02
4.378198700000000088e+01 -7.946468699999999785e+01 1.480900000000000034e+02
4.378200199999999853e+01 -7.946470700000000420e+01 1.344799999999999898e+02
4.378199800000000153e+01 -7.946470700000000420e+01 1.337500000000000000e+02
4.378199500000000199e+01 -7.946470800000000168e+01 1.343400000000000034e+02
4.378199000000000041e+01 -7.946470800000000168e+01 1.352800000000000011e+02
4.378198299999999676e+01 -7.946470999999999663e+01 1.351800000000000068e+02
4.378197800000000228e+01 -7.946470999999999663e+01 1.351999999999999886e+02
4.378197500000000275e+01 -7.946471200000000579e+01 1.353899999999999864e+02
4.378197000000000116e+01 -7.946471300000000326e+01 1.359000000000000057e+02
4.378196499999999958e+01 -7.946471499999999821e+01 1.353700000000000045e+02
4.378194799999999987e+01 -7.946471699999999316e+01 1.480699999999999932e+02
4.378194299999999828e+01 -7.946471800000000485e+01 1.480999999999999943e+02
4.378195199999999687e+01 -7.946470999999999663e+01 1.225900000000000034e+02
4.378194200000000080e+01 -7.946472500000000139e+01 1.443700000000000045e+02
4.378193499999999716e+01 -7.946472799999999381e+01 1.465900000000000034e+02
4.378193199999999763e+01 -7.946472500000000139e+01 1.385800000000000125e+02
4.378193000000000268e+01 -7.946472699999999634e+01 1.402500000000000000e+02
4.378191499999999792e+01 -7.946472699999999634e+01 1.484099999999999966e+02
4.378192200000000156e+01 -7.946471999999999980e+01 1.215300000000000011e+02
4.378191300000000297e+01 -7.946473299999999540e+01 1.365900000000000034e+02
4.378191000000000344e+01 -7.946473000000000297e+01 1.282700000000000102e+02
4.378190299999999979e+01 -7.946474299999999857e+01 1.461699999999999875e+02
4.378188699999999756e+01 -7.946474299999999857e+01 1.423400000000000034e+02
4.378189499999999867e+01 -7.946474499999999352e+01 1.451500000000000057e+02
4.378188800000000214e+01 -7.946474800000000016e+01 1.450999999999999943e+02
4.378188300000000055e+01 -7.946475300000000175e+01 1.456200000000000045e+02
4.378187299999999738e+01 -7.946475700000000586e+01 1.445099999999999909e+02
4.378187199999999990e+01 -7.946475700000000586e+01 1.442100000000000080e+02
4.378186500000000336e+01 -7.946476199999999324e+01 1.440600000000000023e+02
4.378186500000000336e+01 -7.946476199999999324e+01 1.439900000000000091e+02
4.378185500000000019e+01 -7.946477199999999641e+01 1.445500000000000114e+02
4.378185500000000019e+01 -7.946477000000000146e+01 1.440500000000000114e+02
4.378184699999999907e+01 -7.946477799999999547e+01 1.445399999999999920e+02
4.378184499999999701e+01 -7.946478000000000463e+01 1.442800000000000011e+02
4.378183500000000095e+01 -7.946478999999999360e+01 1.446599999999999966e+02
4.378183200000000141e+01 -7.946479300000000023e+01 1.445300000000000011e+02
4.378182699999999983e+01 -7.946479999999999677e+01 1.447599999999999909e+02
4.378182199999999824e+01 -7.946480499999999836e+01 1.446999999999999886e+02
4.378181699999999665e+01 -7.946481199999999490e+01 1.447400000000000091e+02
4.378181500000000170e+01 -7.946481500000000153e+01 1.447899999999999920e+02
4.378181200000000217e+01 -7.946482000000000312e+01 1.447700000000000102e+02
4.378180700000000058e+01 -7.946483200000000124e+01 1.438400000000000034e+02
4.378180299999999647e+01 -7.946483800000000031e+01 1.440200000000000102e+02
4.378179999999999694e+01 -7.946484300000000189e+01 1.440900000000000034e+02
4.378179800000000199e+01 -7.946484499999999684e+01 1.440500000000000114e+02
4.378179300000000040e+01 -7.946485199999999338e+01 1.442299999999999898e+02
4.378178700000000134e+01 -7.946486000000000161e+01 1.443100000000000023e+02
4.378178499999999929e+01 -7.946486299999999403e+01 1.440600000000000023e+02
4.378178299999999723e+01 -7.946486699999999814e+01 1.437199999999999989e+02
4.378177800000000275e+01 -7.946487500000000637e+01 1.442599999999999909e+02
4.378177500000000322e+01 -7.946487999999999374e+01 1.441699999999999875e+02
4.378177199999999658e+01 -7.946488300000000038e+01 1.443899999999999864e+02
4.378176799999999957e+01 -7.946488300000000038e+01 1.448899999999999864e+02
4.378175999999999846e+01 -7.946489699999999345e+01 1.454399999999999977e+02
4.378175699999999892e+01 -7.946490000000000009e+01 1.459199999999999875e+02
4.378175300000000192e+01 -7.946491000000000327e+01 1.457299999999999898e+02
4.378174800000000033e+01 -7.946491699999999980e+01 1.461699999999999875e+02
4.378174700000000286e+01 -7.946492200000000139e+01 1.461599999999999966e+02
4.378174299999999874e+01 -7.946493200000000456e+01 1.460900000000000034e+02
4.378173799999999716e+01 -7.946493999999999858e+01 1.465600000000000023e+02
4.378173699999999968e+01 -7.946494699999999511e+01 1.466899999999999977e+02
4.378173699999999968e+01 -7.946494699999999511e+01 1.462800000000000011e+02
4.378173499999999763e+01 -7.946495799999999576e+01 1.459399999999999977e+02
4.378173000000000314e+01 -7.946496799999999894e+01 1.471100000000000136e+02
4.378173300000000268e+01 -7.946496700000000146e+01 1.462199999999999989e+02
4.378173199999999810e+01 -7.946497200000000305e+01 1.462199999999999989e+02
4.378173000000000314e+01 -7.946497999999999706e+01 1.460500000000000114e+02
4.378173000000000314e+01 -7.946498300000000370e+01 1.460000000000000000e+02
4.378172800000000109e+01 -7.946498699999999360e+01 1.458799999999999955e+02
4.378173000000000314e+01 -7.946498499999999865e+01 1.455600000000000023e+02
4.378172699999999651e+01 -7.946500299999999584e+01 1.472800000000000011e+02
4.378172699999999651e+01 -7.946500799999999742e+01 1.472899999999999920e+02
4.378172699999999651e+01 -7.946501200000000154e+01 1.467700000000000102e+02
4.378172500000000156e+01 -7.946501499999999396e+01 1.470300000000000011e+02
4.378172500000000156e+01 -7.946501700000000312e+01 1.465000000000000000e+02
4.378171999999999997e+01 -7.946500799999999742e+01 1.451699999999999875e+02
4.378172200000000203e+01 -7.946502200000000471e+01 1.465500000000000114e+02
4.378172299999999950e+01 -7.946502300000000218e+01 1.462599999999999909e+02
4.378172299999999950e+01 -7.946502800000000377e+01 1.465300000000000011e+02
4.378172200000000203e+01 -7.946502700000000630e+01 1.456299999999999955e+02
4.378172200000000203e+01 -7.946503300000000536e+01 1.461299999999999955e+02
4.378172299999999950e+01 -7.946504299999999432e+01 1.464199999999999875e+02
4.378172299999999950e+01 -7.946504299999999432e+01 1.462599999999999909e+02
4.378172299999999950e+01 -7.946505299999999750e+01 1.464099999999999966e+02
4.378172299999999950e+01 -7.946505700000000161e+01 1.464799999999999898e+02
4.378172500000000156e+01 -7.946506499999999562e+01 1.468499999999999943e+02
4.378172500000000156e+01 -7.946506700000000478e+01 1.468499999999999943e+02
4.378172500000000156e+01 -7.946506999999999721e+01 1.467100000000000080e+02
4.378172500000000156e+01 -7.946507499999999879e+01 1.469399999999999977e+02
4.378172500000000156e+01 -7.946507800000000543e+01 1.467800000000000011e+02
4.378172500000000156e+01 -7.946508199999999533e+01 1.469399999999999977e+02
4.378172500000000156e+01 -7.946508799999999439e+01 1.466500000000000057e+02
4.378172500000000156e+01 -7.946509299999999598e+01 1.465999999999999943e+02
4.378172699999999651e+01 -7.946509700000000009e+01 1.465900000000000034e+02
4.378172699999999651e+01 -7.946510499999999411e+01 1.469399999999999977e+02
4.378172299999999950e+01 -7.946509799999999757e+01 1.458400000000000034e+02
4.378172500000000156e+01 -7.946510200000000168e+01 1.457700000000000102e+02
4.378172699999999651e+01 -7.946511300000000233e+01 1.464499999999999886e+02
4.378172500000000156e+01 -7.946511700000000644e+01 1.462899999999999920e+02
4.378172500000000156e+01 -7.946512199999999382e+01 1.463799999999999955e+02
4.378172699999999651e+01 -7.946512699999999541e+01 1.463100000000000023e+02
4.378172800000000109e+01 -7.946513500000000363e+01 1.464900000000000091e+02
4.378172699999999651e+01 -7.946514000000000522e+01 1.463600000000000136e+02
4.378173000000000314e+01 -7.946515300000000082e+01 1.473799999999999955e+02
4.378173000000000314e+01 -7.946515999999999735e+01 1.473799999999999955e+02
4.378173000000000314e+01 -7.946516499999999894e+01 1.474699999999999989e+02
4.378173000000000314e+01 -7.946516699999999389e+01 1.474300000000000068e+02
4.378173000000000314e+01 -7.946517699999999707e+01 1.474499999999999886e+02
4.378173000000000314e+01 -7.946518299999999613e+01 1.474300000000000068e+02
4.378173000000000314e+01 -7.946518700000000024e+01 1.475600000000000023e+02
4.378173199999999810e+01 -7.946519200000000183e+01 1.475099999999999909e+02
4.378173000000000314e+01 -7.946519200000000183e+01 1.467800000000000011e+02
4.378172800000000109e+01 -7.946519700000000341e+01 1.465800000000000125e+02
4.378173000000000314e+01 -7.946520200000000500e+01 1.465399999999999920e+02
4.378173199999999810e+01 -7.946521699999999555e+01 1.473700000000000045e+02
4.378173000000000314e+01 -7.946522000000000219e+01 1.469099999999999966e+02
4.378173000000000314e+01 -7.946522699999999872e+01 1.467700000000000102e+02
4.378173000000000314e+01 -7.946523000000000536e+01 1.467899999999999920e+02
4.378173199999999810e+01 -7.946523999999999432e+01 1.469900000000000091e+02
4.378173300000000268e+01 -7.946524800000000255e+01 1.470399999999999920e+02
4.378173300000000268e+01 -7.946525499999999909e+01 1.470000000000000000e+02
4.378173300000000268e+01 -7.946526000000000067e+01 1.468799999999999955e+02
4.378173300000000268e+01 -7.946526500000000226e+01 1.468499999999999943e+02
4.378173300000000268e+01 -7.946527500000000543e+01 1.470600000000000023e+02
4.378173300000000268e+01 -7.946528200000000197e+01 1.471899999999999977e+02
4.378173499999999763e+01 -7.946528999999999598e+01 1.474799999999999898e+02
4.378173499999999763e+01 -7.946529800000000421e+01 1.476100000000000136e+02
4.378173499999999763e+01 -7.946530500000000075e+01 1.475099999999999909e+02
4.378173699999999968e+01 -7.946530799999999317e+01 1.476299999999999955e+02
4.378173699999999968e+01 -7.946531799999999635e+01 1.477299999999999898e+02
4.378173799999999716e+01 -7.946532500000000709e+01 1.478199999999999932e+02
4.378173799999999716e+01 -7.946532700000000204e+01 1.478700000000000045e+02
4.378173999999999921e+01 -7.946533700000000522e+01 1.479199999999999875e+02
4.378174200000000127e+01 -7.946534200000000681e+01 1.478400000000000034e+02
4.378174200000000127e+01 -7.946534699999999418e+01 1.476699999999999875e+02
4.378174299999999874e+01 -7.946535199999999577e+01 1.476699999999999875e+02
4.378174500000000080e+01 -7.946535699999999736e+01 1.475600000000000023e+02
4.378174700000000286e+01 -7.946536199999999894e+01 1.477500000000000000e+02
4.378174800000000033e+01 -7.946536700000000053e+01 1.478700000000000045e+02
4.378175000000000239e+01 -7.946536999999999296e+01 1.479900000000000091e+02
4.378175499999999687e+01 -7.946537999999999613e+01 1.477899999999999920e+02
4.378175499999999687e+01 -7.946537999999999613e+01 1.477199999999999989e+02
4.378176500000000004e+01 -7.946540199999999743e+01 1.470099999999999909e+02
4.378176799999999957e+01 -7.946540699999999902e+01 1.468899999999999864e+02
4.378177000000000163e+01 -7.946541000000000565e+01 1.469600000000000080e+02
4.378176799999999957e+01 -7.946540000000000248e+01 1.478700000000000045e+02
4.378177699999999817e+01 -7.946541799999999967e+01 1.475600000000000023e+02
4.378177699999999817e+01 -7.946541700000000219e+01 1.476299999999999955e+02
4.378179200000000293e+01 -7.946542300000000125e+01 1.422400000000000091e+02
4.378178499999999929e+01 -7.946542800000000284e+01 1.474099999999999966e+02
4.378179500000000246e+01 -7.946542700000000536e+01 1.425800000000000125e+02
4.378179999999999694e+01 -7.946543499999999938e+01 1.428700000000000045e+02
4.378179999999999694e+01 -7.946543200000000695e+01 1.433400000000000034e+02
4.378180299999999647e+01 -7.946544199999999591e+01 1.442700000000000102e+02
4.378179800000000199e+01 -7.946544500000000255e+01 1.479600000000000080e+02
4.378180299999999647e+01 -7.946545700000000068e+01 1.489600000000000080e+02
4.378180700000000058e+01 -7.946546299999999974e+01 1.487199999999999989e+02
4.378180799999999806e+01 -7.946546299999999974e+01 1.481999999999999886e+02
4.378181500000000170e+01 -7.946547200000000544e+01 1.475000000000000000e+02
4.378181800000000123e+01 -7.946547800000000450e+01 1.480900000000000034e+02
4.378182000000000329e+01 -7.946548300000000609e+01 1.490099999999999909e+02
4.378182300000000282e+01 -7.946548799999999346e+01 1.491899999999999977e+02
4.378182499999999777e+01 -7.946549299999999505e+01 1.497299999999999898e+02
4.378183200000000141e+01 -7.946549699999999916e+01 1.479099999999999966e+02
4.378183200000000141e+01 -7.946550299999999822e+01 1.495900000000000034e+02
4.378183700000000300e+01 -7.946550799999999981e+01 1.495099999999999909e+02
4.378184000000000253e+01 -7.946551700000000551e+01 1.497800000000000011e+02
4.378184499999999701e+01 -7.946552200000000710e+01 1.497599999999999909e+02
4.378184699999999907e+01 -7.946552499999999952e+01 1.497700000000000102e+02
4.378184799999999655e+01 -7.946552800000000616e+01 1.497400000000000091e+02
4.378185700000000224e+01 -7.946554000000000428e+01 1.501699999999999875e+02
4.378185700000000224e+01 -7.946554199999999923e+01 1.499399999999999977e+02
4.378186300000000131e+01 -7.946554799999999830e+01 1.494000000000000057e+02
4.378186699999999831e+01 -7.946555499999999483e+01 1.489399999999999977e+02
4.378186999999999784e+01 -7.946555999999999642e+01 1.490399999999999920e+02
4.378187199999999990e+01 -7.946556300000000306e+01 1.492100000000000080e+02
4.378187700000000149e+01 -7.946557199999999455e+01 1.492400000000000091e+02
4.378188000000000102e+01 -7.946557500000000118e+01 1.487800000000000011e+02
4.378188000000000102e+01 -7.946557799999999361e+01 1.488899999999999864e+02
4.378188500000000261e+01 -7.946558299999999520e+01 1.489099999999999966e+02
4.378188800000000214e+01 -7.946559200000000089e+01 1.490000000000000000e+02
4.378189499999999867e+01 -7.946559999999999491e+01 1.485099999999999909e+02
4.378189700000000073e+01 -7.946560200000000407e+01 1.486299999999999955e+02
4.378190000000000026e+01 -7.946560700000000566e+01 1.484799999999999898e+02
4.378190500000000185e+01 -7.946561300000000472e+01 1.482899999999999920e+02
4.378191000000000344e+01 -7.946562199999999621e+01 1.482700000000000102e+02
4.378191000000000344e+01 -7.946562299999999368e+01 1.485200000000000102e+02
4.378191499999999792e+01 -7.946563000000000443e+01 1.485699999999999932e+02
4.378191799999999745e+01 -7.946563700000000097e+01 1.482500000000000000e+02
4.378192200000000156e+01 -7.946564200000000255e+01 1.483700000000000045e+02
4.378192500000000109e+01 -7.946564700000000414e+01 1.484799999999999898e+02
4.378193000000000268e+01 -7.946565499999999815e+01 1.479900000000000091e+02
4.378193199999999763e+01 -7.946565699999999310e+01 1.480800000000000125e+02
4.378193699999999922e+01 -7.946566300000000638e+01 1.479300000000000068e+02
4.378193999999999875e+01 -7.946566799999999375e+01 1.478400000000000034e+02
4.378194500000000033e+01 -7.946567500000000450e+01 1.477100000000000080e+02
4.378194799999999987e+01 -7.946568000000000609e+01 1.473100000000000023e+02
4.378195300000000145e+01 -7.946568499999999347e+01 1.469600000000000080e+02
4.378195699999999846e+01 -7.946568999999999505e+01 1.469300000000000068e+02
4.378196200000000005e+01 -7.946569700000000580e+01 1.471699999999999875e+02
4.378197000000000116e+01 -7.946570199999999318e+01 1.446800000000000068e+02
4.378196799999999911e+01 -7.946571199999999635e+01 1.486800000000000068e+02
4.378197500000000275e+01 -7.946571799999999541e+01 1.472100000000000080e+02
4.378197699999999770e+01 -7.946572299999999700e+01 1.474199999999999875e+02
4.378198299999999676e+01 -7.946573300000000017e+01 1.478600000000000136e+02
4.378198799999999835e+01 -7.946574699999999325e+01 1.468000000000000114e+02
4.378198199999999929e+01 -7.946573300000000017e+01 1.513600000000000136e+02
4.378199000000000041e+01 -7.946575300000000652e+01 1.505600000000000023e+02
4.378199200000000246e+01 -7.946575500000000147e+01 1.506100000000000136e+02
4.378199699999999694e+01 -7.946576199999999801e+01 1.500099999999999909e+02
4.378200199999999853e+01 -7.946576699999999960e+01 1.493000000000000114e+02
4.378200700000000012e+01 -7.946577299999999866e+01 1.490500000000000114e+02
4.378201200000000171e+01 -7.946577999999999520e+01 1.491200000000000045e+02
4.378201700000000329e+01 -7.946578499999999678e+01 1.490800000000000125e+02
4.378202199999999777e+01 -7.946578800000000342e+01 1.492299999999999898e+02
4.378202499999999731e+01 -7.946579199999999332e+01 1.490900000000000034e+02
4.378203200000000095e+01 -7.946579800000000660e+01 1.489199999999999875e+02
4.378203800000000001e+01 -7.946580699999999808e+01 1.483600000000000136e+02
4.378204300000000160e+01 -7.946580799999999556e+01 1.484699999999999989e+02
4.378205200000000019e+01 -7.946581000000000472e+01 1.472700000000000102e+02
4.378205499999999972e+01 -7.946581199999999967e+01 1.476200000000000045e+02
4.378206500000000290e+01 -7.946581500000000631e+01 1.474000000000000057e+02
4.378206500000000290e+01 -7.946581500000000631e+01 1.474000000000000057e+02
4.378207299999999691e+01 -7.946581799999999873e+01 1.475099999999999909e+02
4.378208000000000055e+01 -7.946581799999999873e+01 1.473799999999999955e+02
4.378208300000000008e+01 -7.946581799999999873e+01 1.472599999999999909e+02
4.378208800000000167e+01 -7.946581700000000126e+01 1.475399999999999920e+02
4.378209499999999821e+01 -7.946581299999999715e+01 1.476500000000000057e+02
4.378210200000000185e+01 -7.946581000000000472e+01 1.468899999999999864e+02
4.378210500000000138e+01 -7.946580799999999556e+01 1.469600000000000080e+02
4.378211000000000297e+01 -7.946581000000000472e+01 1.474799999999999898e+02
4.378211499999999745e+01 -7.946580799999999556e+01 1.474199999999999875e+02
4.378211999999999904e+01 -7.946580699999999808e+01 1.475500000000000114e+02
4.378212200000000109e+01 -7.946580699999999808e+01 1.475500000000000114e+02
4.378212800000000016e+01 -7.946580299999999397e+01 1.475900000000000034e+02
4.378213199999999716e+01 -7.946580299999999397e+01 1.475800000000000125e+02
4.378213699999999875e+01 -7.946580199999999650e+01 1.475900000000000034e+02
4.378214299999999781e+01 -7.946579800000000660e+01 1.475999999999999943e+02
4.378214499999999987e+01 -7.946579699999999491e+01 1.475999999999999943e+02
4.378215000000000146e+01 -7.946579499999999996e+01 1.476200000000000045e+02
4.378215000000000146e+01 -7.946579300000000501e+01 1.476200000000000045e+02
4.378215200000000351e+01 -7.946579300000000501e+01 1.476699999999999875e+02
4.378215500000000304e+01 -7.946578999999999837e+01 1.475699999999999932e+02
4.378215800000000257e+01 -7.946578800000000342e+01 1.476500000000000057e+02
4.378215999999999752e+01 -7.946578700000000595e+01 1.476800000000000068e+02
4.378216199999999958e+01 -7.946578499999999678e+01 1.475900000000000034e+02
4.378216499999999911e+01 -7.946577800000000025e+01 1.466200000000000045e+02
4.378216499999999911e+01 -7.946577200000000119e+01 1.463899999999999864e+02
